chr1	3131933	3131994	chr1	3131961	3132022	61
chr1	10845192	10845244	chr1	10845193	10845245	52
chr1	13915475	13915575	chr1	13915476	13915576	100
chr1	18094810	18094860	chr1	18094834	18094884	50
chr1	18195128	18195178	chr1	18195126	18195193	67
chr1	18792553	18792612	chr1	18792575	18792634	59
chr1	21292127	21292181	chr1	21292146	21292200	54
chr1	23821722	23821786	chr1	23821723	23821787	64
chr1	40516077	40516190	chr1	40516078	40516191	113
chr1	41835543	41835597	chr1	41835544	41835599	55
chr1	48058280	48058333	chr1	48058278	48058343	65
chr1	53564908	53564969	chr1	53564909	53564970	61
chr1	55274657	55274750	chr1	55274658	55274769	111
chr1	73648819	73648879	chr1	73648804	73648893	89
chr1	78942231	78942308	chr1	78942232	78942309	77
chr1	88860717	88860812	chr1	88860718	88860813	95
chr1	102512641	102512708	chr1	102512642	102512709	67
chr1	108097955	108098006	chr1	108097956	108098007	51
chr1	152853455	152853542	chr1	152853456	152853543	87
chr1	169523397	169523493	chr1	169523398	169523494	96
chr1	170102061	170102119	chr1	170102074	170102132	58
chr1	170612459	170612531	chr1	170612465	170612539	74
chr1	180828203	180828254	chr1	180828204	180828255	51
chr1	186743196	186743250	chr1	186743197	186743251	54
chr1	190796660	190796740	chr1	190796661	190796741	80
chr1	194445279	194445349	chr1	194445322	194445392	70
chr1	198925741	198925807	chr1	198925742	198925808	66
chr1	210244609	210244659	chr1	210244610	210244660	50
chr1	223124810	223124887	chr1	223124802	223124879	77
chr1	232447858	232447941	chr1	232447859	232447942	83
chr1	244162023	244162073	chr1	244162053	244162153	100
chr1	247252121	247252176	chr1	247252113	247252173	60
chr1	247568972	247569054	chr1	247568973	247569055	82
chr2	859603	859663	chr2	859616	859676	60
chr2	1146935	1147014	chr2	1146943	1147022	79
chr2	1687242	1687315	chr2	1687289	1687362	73
chr2	8602235	8602287	chr2	8602273	8602325	52
chr2	12498336	12498460	chr2	12498337	12498461	124
chr2	15931110	15931176	chr2	15931111	15931177	66
chr2	29847001	29847064	chr2	29847002	29847065	63
chr2	30164722	30164869	chr2	30164723	30165011	288
chr2	39306295	39306357	chr2	39306296	39306358	62
chr2	45338980	45339033	chr2	45338981	45339034	53
chr2	49061403	49061460	chr2	49061436	49061493	57
chr2	49862551	49862615	chr2	49862552	49862616	64
chr2	78558068	78558134	chr2	78558069	78558135	66
chr2	89001142	89001218	chr2	89001142	89001220	78
chr2	103066666	103066776	chr2	103066667	103066777	110
chr2	128965936	128966015	chr2	128965937	128966016	79
chr2	129628824	129628916	chr2	129628825	129628917	92
chr2	129697650	129697718	chr2	129697651	129697719	68
chr2	133025157	133025211	chr2	133025151	133025207	56
chr2	134650573	134650625	chr2	134650604	134650656	52
chr2	145953807	145953889	chr2	145953808	145953890	82
chr2	155200875	155200937	chr2	155200913	155200975	62
chr2	171905136	171905193	chr2	171905137	171905209	72
chr2	190706549	190706637	chr2	190706550	190706638	88
chr2	191002598	191002685	chr2	191002607	191002694	87
chr2	191554738	191554800	chr2	191554739	191554857	118
chr2	204122662	204122712	chr2	204122687	204122787	100
chr2	210820234	210820296	chr2	210820272	210820334	62
chr2	218513356	218513408	chr2	218513371	218513430	59
chr2	239484598	239484657	chr2	239484592	239484651	59
chr2	240524519	240524587	chr2	240524520	240524588	68
chr2	242817099	242817152	chr2	242817100	242817153	53
chr3	3801081	3801174	chr3	3801082	3801175	93
chr3	17817485	17817565	chr3	17817486	17817566	80
chr3	34859777	34859881	chr3	34859778	34859882	104
chr3	39288965	39289015	chr3	39288962	39289154	192
chr3	43565780	43565926	chr3	43565781	43565927	146
chr3	43972634	43972700	chr3	43972635	43972701	66
chr3	52730946	52731033	chr3	52730947	52731034	87
chr3	54553047	54553132	chr3	54553048	54553133	85
chr3	55662224	55662274	chr3	55662243	55662293	50
chr3	65255107	65255157	chr3	65255108	65255158	50
chr3	65595659	65595753	chr3	65595660	65595754	94
chr3	71376471	71376538	chr3	71376467	71376718	251
chr3	75826384	75826454	chr3	75826406	75826476	70
chr3	79668251	79668304	chr3	79668252	79668305	53
chr3	104016921	104016973	chr3	104016947	104016999	52
chr3	106034442	106034517	chr3	106034443	106034518	75
chr3	109248171	109248250	chr3	109248175	109248255	80
chr3	110287766	110287880	chr3	110287767	110287881	114
chr3	123272981	123273123	chr3	123272982	123273124	142
chr3	124753036	124753086	chr3	124753028	124753078	50
chr3	125714668	125714737	chr3	125714669	125714738	69
chr3	133777300	133777358	chr3	133777301	133777359	58
chr3	137003255	137003366	chr3	137003256	137003367	111
chr3	140878318	140878369	chr3	140878340	140878391	51
chr3	144430064	144430131	chr3	144430065	144430132	67
chr3	149593684	149593790	chr3	149593685	149593791	106
chr3	149853189	149853265	chr3	149853190	149853266	76
chr3	162750533	162750601	chr3	162750534	162750602	68
chr3	176575679	176575746	chr3	176575680	176575747	67
chr3	183251875	183251929	chr3	183251893	183251947	54
chr3	185256457	185256572	chr3	185256527	185256580	53
chr3	191108200	191108278	chr3	191108201	191108279	78
chr3	195823763	195823814	chr3	195823764	195823815	51
chr3	197574549	197574607	chr3	197574550	197574608	58
chr4	14727912	14728007	chr4	14727913	14728008	95
chr4	32316862	32316940	chr4	32316863	32316941	78
chr4	40754839	40754900	chr4	40754839	40754904	65
chr4	43527670	43527724	chr4	43527672	43527725	53
chr4	60376073	60376145	chr4	60376074	60376146	72
chr4	63195290	63195340	chr4	63195291	63195341	50
chr4	66469801	66469857	chr4	66469802	66469858	56
chr4	98967141	98967196	chr4	98967142	98967197	55
chr4	100100714	100100783	chr4	100100715	100100784	69
chr4	127021982	127022034	chr4	127021983	127022039	56
chr4	137235397	137235464	chr4	137235398	137235465	67
chr4	143206584	143206645	chr4	143206618	143206679	61
chr4	152201206	152201262	chr4	152201238	152201294	56
chr4	156493549	156493653	chr4	156493550	156493654	104
chr4	157581704	157581841	chr4	157581751	157581888	137
chr4	175970138	175970256	chr4	175970139	175970257	118
chr4	184778573	184778624	chr4	184778574	184778625	51
chr4	187219052	187219121	chr4	187219053	187219122	69
chr4	187879298	187879384	chr4	187879299	187879385	86
chr4	189424532	189424592	chr4	189424533	189424593	60
chr4	189552712	189552812	chr4	189552711	189552817	106
chr4	189790615	189790698	chr4	189790648	189790741	93
chr4	190326146	190326218	chr4	190326147	190326219	72
chr4	190538407	190538477	chr4	190538396	190538606	210
chr4	190538447	190538584	chr4	190538396	190538606	210
chr5	444929	444989	chr5	444930	444990	60
chr5	39423436	39423527	chr5	39423437	39423528	91
chr5	40953957	40954019	chr5	40953958	40954020	62
chr5	53383591	53383657	chr5	53383592	53383658	66
chr5	56104383	56104464	chr5	56104377	56104488	111
chr5	78035992	78036053	chr5	78035993	78036054	61
chr5	84489748	84489844	chr5	84489749	84489941	192
chr5	91699536	91699630	chr5	91699537	91699635	98
chr5	101075642	101075704	chr5	101075643	101075705	62
chr5	107963794	107963861	chr5	107963795	107963924	129
chr5	133568618	133568675	chr5	133568602	133568672	70
chr5	143136114	143136164	chr5	143136138	143136188	50
chr5	146396117	146396176	chr5	146396115	146396175	60
chr5	161748163	161748237	chr5	161748165	161748239	74
chr6	2568698	2568797	chr6	2568711	2568810	99
chr6	5148679	5148769	chr6	5148707	5148797	90
chr6	8902167	8902223	chr6	8902199	8902255	56
chr6	24221107	24221159	chr6	24221130	24221182	52
chr6	51136753	51136810	chr6	51136754	51136811	57
chr6	52736233	52736292	chr6	52736251	52736310	59
chr6	67887543	67887597	chr6	67887543	67887599	56
chr6	70526345	70526405	chr6	70526346	70526406	60
chr6	83501725	83501777	chr6	83501726	83501778	52
chr6	88579090	88579140	chr6	88579120	88579170	50
chr6	94764711	94764801	chr6	94764712	94764802	90
chr6	105734756	105734876	chr6	105734757	105734877	120
chr6	115243058	115243133	chr6	115243059	115243134	75
chr6	120622978	120623064	chr6	120622979	120623065	86
chr6	149355653	149355719	chr6	149355670	149355736	66
chr6	154463414	154463492	chr6	154463415	154463493	78
chr6	157534300	157534400	chr6	157534301	157534401	100
chr6	168087665	168087982	chr6	168087666	168087983	317
chr6	168537627	168537679	chr6	168537628	168537680	52
chr7	605807	605905	chr7	605808	605906	98
chr7	1528947	1528998	chr7	1528955	1529006	51
chr7	2042675	2042736	chr7	2042676	2042737	61
chr7	3722155	3722217	chr7	3722156	3722218	62
chr7	6944295	6944355	chr7	6944296	6944356	60
chr7	11284847	11284898	chr7	11284848	11284899	51
chr7	23891019	23891080	chr7	23891020	23891081	61
chr7	26900470	26900563	chr7	26900471	26900564	93
chr7	32571035	32571099	chr7	32571036	32571100	64
chr7	32654182	32654271	chr7	32654181	32654281	100
chr7	48233834	48233954	chr7	48233733	48234145	412
chr7	50014428	50014563	chr7	50014429	50014564	135
chr7	57552824	57552928	chr7	57552825	57552929	104
chr7	63953012	63953096	chr7	63953013	63953097	84
chr7	69996119	69996170	chr7	69996144	69996195	51
chr7	80632650	80632709	chr7	80632651	80632710	59
chr7	83796375	83796471	chr7	83796373	83796471	98
chr7	118308476	118308546	chr7	118308477	118308547	70
chr7	126150701	126150770	chr7	126150702	126150771	69
chr7	129433473	129433535	chr7	129433474	129433536	62
chr7	132382934	132382992	chr7	132382935	132382993	58
chr7	135785101	135785177	chr7	135785102	135785178	76
chr7	145425773	145425824	chr7	145425800	145425851	51
chr7	150039582	150039637	chr7	150039611	150039666	55
chr7	151518083	151518135	chr7	151518099	151518151	52
chr7	153321861	153321945	chr7	153321862	153321946	84
chr7	155526131	155526212	chr7	155526164	155526245	81
chr7	155652203	155652323	chr7	155652204	155652324	120
chr7	156124574	156124704	chr7	156124586	156124873	287
chr7	157413986	157414051	chr7	157413987	157414247	260
chr7	157679518	157679569	chr7	157679519	157679570	51
chr7	157718797	157718857	chr7	157718798	157718858	60
chr7	158203560	158203654	chr7	158203594	158203688	94
chr7	158430202	158430267	chr7	158430208	158430340	132
chr7	158523191	158523308	chr7	158523226	158523538	312
chr8	1404972	1405070	chr8	1404995	1405093	98
chr8	2933848	2933910	chr8	2933886	2933948	62
chr8	18751238	18751303	chr8	18751239	18751304	65
chr8	28542462	28542588	chr8	28542462	28542592	130
chr8	29518051	29518141	chr8	29518052	29518142	90
chr8	34243998	34244097	chr8	34243999	34244098	99
chr8	34595149	34595205	chr8	34595181	34595237	56
chr8	48676770	48676876	chr8	48676567	48677065	498
chr8	62119936	62119990	chr8	62119936	62119991	55
chr8	74044122	74044220	chr8	74044145	74044243	98
chr8	86174350	86174483	chr8	86174351	86174484	133
chr8	87976381	87976455	chr8	87976382	87976456	74
chr8	103880131	103880185	chr8	103880132	103880186	54
chr8	125154077	125154147	chr8	125154078	125154148	70
chr8	127086928	127087041	chr8	127086929	127087042	113
chr8	134655214	134655270	chr8	134655246	134655302	56
chr8	136203038	136203111	chr8	136203039	136203112	73
chr8	144122077	144122127	chr8	144122078	144122128	50
chr9	18406291	18406346	chr9	18406315	18406370	55
chr9	22903887	22903999	chr9	22903912	22904024	112
chr9	29730689	29730775	chr9	29730690	29730776	86
chr9	68358826	68358899	chr9	68358770	68358871	101
chr9	76723956	76724029	chr9	76723957	76724030	73
chr9	77787388	77787449	chr9	77787406	77787467	61
chr9	81195339	81195389	chr9	81195340	81195390	50
chr9	93603702	93603769	chr9	93603703	93603770	67
chr9	103429962	103430032	chr9	103429972	103430042	70
chr9	105001943	105002041	chr9	105001944	105002042	98
chr9	108420661	108420714	chr9	108420662	108420715	53
chr9	108557188	108557266	chr9	108557189	108557267	78
chr9	114736428	114736480	chr9	114736433	114736485	52
chr9	126564778	126564858	chr9	126564779	126564859	80
chr9	137268473	137268536	chr9	137268474	137268537	63
chr9	137720505	137720600	chr9	137720506	137720601	95
chr10	440404	440477	chr10	440409	440482	73
chr10	1516136	1516212	chr10	1516137	1516213	76
chr10	1910092	1910168	chr10	1910099	1910175	76
chr10	2568369	2568424	chr10	2568398	2568453	55
chr10	2568749	2568820	chr10	2568749	2568824	75
chr10	5681687	5681752	chr10	5681688	5681753	65
chr10	9896383	9896492	chr10	9896384	9896493	109
chr10	17633779	17633831	chr10	17633780	17633832	52
chr10	21350224	21350302	chr10	21350246	21350324	78
chr10	32936398	32936453	chr10	32936399	32936454	55
chr10	38817636	38817690	chr10	38817614	38817668	54
chr10	56762358	56762421	chr10	56762359	56762422	63
chr10	69585413	69585504	chr10	69585414	69585505	91
chr10	87833772	87833832	chr10	87833773	87833833	60
chr10	91847171	91847227	chr10	91847172	91847228	56
chr10	92404112	92404222	chr10	92404125	92404235	110
chr10	113015642	113015694	chr10	113015643	113015695	52
chr10	126019507	126019602	chr10	126019508	126019603	95
chr10	132307229	132307279	chr10	132307216	132307267	51
chr10	133520600	133520650	chr10	133520601	133520651	50
chr10	133652292	133652352	chr10	133652169	133652400	231
chr10	134328145	134328365	chr10	134328146	134328366	220
chr11	2259364	2259426	chr11	2259391	2259453	62
chr11	3379995	3380047	chr11	3379996	3380047	51
chr11	10823576	10823652	chr11	10823577	10823653	76
chr11	21338970	21339054	chr11	21338971	21339055	84
chr11	30294200	30294273	chr11	30294201	30294274	73
chr11	39186996	39187077	chr11	39187026	39187107	81
chr11	48609330	48609406	chr11	48609335	48609411	76
chr11	60866881	60866956	chr11	60866882	60866957	75
chr11	64526485	64526560	chr11	64526486	64526561	75
chr11	68859848	68859900	chr11	68859854	68859911	57
chr11	68956585	68956748	chr11	68956586	68956749	163
chr11	71098830	71098932	chr11	71098842	71098945	103
chr11	94828593	94828659	chr11	94828594	94828660	66
chr11	99432454	99432536	chr11	99432455	99432537	82
chr11	106839502	106839602	chr11	106839503	106839603	100
chr11	134239472	134239532	chr11	134239473	134239533	60
chr11	134700445	134700517	chr11	134700446	134700518	72
chr12	7743728	7743784	chr12	7743729	7743785	56
chr12	18248318	18248407	chr12	18248319	18248408	89
chr12	26574522	26574577	chr12	26574552	26574607	55
chr12	26650421	26650504	chr12	26650422	26650505	83
chr12	40884241	40884301	chr12	40884242	40884302	60
chr12	53684500	53684641	chr12	53684501	53684626	125
chr12	54324312	54324402	chr12	54324313	54324403	90
chr12	60225837	60225939	chr12	60225832	60225971	139
chr12	63949898	63949952	chr12	63949916	63949970	54
chr12	67632877	67632932	chr12	67632885	67632940	55
chr12	80383078	80383195	chr12	80383079	80383196	117
chr12	84615106	84615157	chr12	84615107	84615158	51
chr12	84900443	84900537	chr12	84900444	84900538	94
chr12	88520871	88520940	chr12	88520872	88520941	69
chr12	103954145	103954199	chr12	103954146	103954200	54
chr12	120201092	120201204	chr12	120201093	120201205	112
chr12	125156180	125156252	chr12	125156156	125156228	72
chr12	125574754	125574807	chr12	125574771	125574924	153
chr12	126340809	126340859	chr12	126340830	126340880	50
chr12	128425049	128425118	chr12	128425047	128425123	76
chr12	130231722	130231779	chr12	130231740	130231794	54
chr12	131797376	131797431	chr12	131797377	131797432	55
chr12	132871216	132871266	chr12	132871222	132871272	50
chr12	132971164	132971260	chr12	132971165	132971261	96
chr12	133808837	133808899	chr12	133808875	133808937	62
chr13	32746033	32746093	chr13	32746066	32746126	60
chr13	38226812	38226869	chr13	38226839	38226896	57
chr13	47293128	47293198	chr13	47293173	47293243	70
chr13	68823790	68823898	chr13	68823791	68823899	108
chr13	76214299	76214371	chr13	76214302	76214374	72
chr13	82547442	82547551	chr13	82547443	82547552	109
chr13	89227029	89227083	chr13	89227009	89227084	75
chr13	89254831	89254914	chr13	89254832	89254915	83
chr13	90943356	90943414	chr13	90943357	90943415	58
chr13	92892086	92892143	chr13	92892124	92892181	57
chr13	93375606	93375662	chr13	93375607	93375663	56
chr13	99096115	99096173	chr13	99096116	99096174	58
chr13	105217121	105217243	chr13	105217122	105217244	122
chr13	108539740	108539803	chr13	108539741	108539804	63
chr13	108768402	108768476	chr13	108768403	108768477	74
chr13	109887538	109887600	chr13	109887539	109887601	62
chr13	111300044	111300119	chr13	111300073	111300152	79
chr13	112263431	112263484	chr13	112263438	112263492	54
chr14	29031316	29031383	chr14	29031317	29031384	67
chr14	40528693	40528755	chr14	40528694	40528756	62
chr14	43241809	43241876	chr14	43241850	43241917	67
chr14	49727927	49728046	chr14	49727949	49728068	119
chr14	53304081	53304137	chr14	53304091	53304147	56
chr14	94189119	94189217	chr14	94189127	94189226	99
chr14	95363387	95363461	chr14	95363404	95363478	74
chr14	104564464	104564516	chr14	104564448	104564502	54
chr14	105905492	105905572	chr14	105905493	105905573	80
chr15	45452811	45452864	chr15	45452841	45452894	53
chr15	51169673	51169733	chr15	51169674	51169734	60
chr15	53402324	53402395	chr15	53402321	53402399	78
chr15	54895081	54895182	chr15	54895082	54895183	101
chr15	57116928	57117018	chr15	57116929	57117019	90
chr15	60061407	60061473	chr15	60061408	60061476	68
chr15	98980938	98980996	chr15	98980952	98981010	58
chr15	101725618	101725698	chr15	101725670	101725750	80
chr16	889939	889991	chr16	889940	889992	52
chr16	900668	900812	chr16	900669	900862	193
chr16	1966149	1966210	chr16	1966179	1966240	61
chr16	4847619	4847691	chr16	4847620	4847692	72
chr16	9045123	9045219	chr16	9045124	9045220	96
chr16	9142440	9142498	chr16	9142445	9142503	58
chr16	10777177	10777228	chr16	10777178	10777229	51
chr16	20221624	20221704	chr16	20221625	20221705	80
chr16	26204832	26204904	chr16	26204833	26204905	72
chr16	55721102	55721212	chr16	55721103	55721213	110
chr16	56552683	56552736	chr16	56552680	56552733	53
chr16	59697227	59697319	chr16	59697228	59697320	92
chr16	80309609	80309665	chr16	80309610	80309666	56
chr16	83478442	83478533	chr16	83478447	83478539	92
chr16	83917251	83917325	chr16	83917252	83917326	74
chr16	88478399	88478498	chr16	88478400	88478499	99
chr16	88712733	88712783	chr16	88712734	88712784	50
chr16	89158131	89158230	chr16	89158132	89158231	99
chr16	89178457	89178510	chr16	89178458	89178511	53
chr17	1143319	1143381	chr17	1143321	1143383	62
chr17	2623091	2623200	chr17	2623091	2623202	111
chr17	6931755	6931807	chr17	6931781	6931833	52
chr17	36527375	36527435	chr17	36527409	36527469	60
chr17	39104097	39104223	chr17	39104098	39104224	126
chr17	45185548	45185610	chr17	45185550	45185612	62
chr17	48665718	48665829	chr17	48665721	48665818	97
chr17	72889676	72889730	chr17	72889677	72889731	54
chr17	76418568	76418618	chr17	76418592	76418642	50
chr17	77134773	77134894	chr17	77134774	77134895	121
chr17	79113322	79113372	chr17	79113341	79113394	53
chr17	79390298	79390366	chr17	79390299	79390367	68
chr17	79967461	79967518	chr17	79967462	79967520	58
chr17	80080308	80080382	chr17	80080309	80080383	74
chr17	80554355	80554421	chr17	80554361	80554427	66
chr18	3272249	3272301	chr18	3272274	3272326	52
chr18	11572178	11572229	chr18	11572204	11572255	51
chr18	27363759	27363813	chr18	27363760	27363814	54
chr18	27504863	27504953	chr18	27504864	27504954	90
chr18	29511921	29511981	chr18	29511955	29512015	60
chr18	55120816	55120891	chr18	55120817	55120892	75
chr18	60932138	60932242	chr18	60932139	60932243	104
chr18	76308645	76308696	chr18	76308646	76308697	51
chr18	76478848	76478911	chr18	76478857	76478921	64
chr18	77192342	77192426	chr18	77192357	77192441	84
chr19	310557	310658	chr19	310558	310782	224
chr19	310568	310669	chr19	310558	310782	224
chr19	1278174	1278237	chr19	1278175	1278238	63
chr19	1380964	1381054	chr19	1380965	1381055	90
chr19	2247127	2247206	chr19	2247128	2247209	81
chr19	14841271	14841330	chr19	14841261	14841320	59
chr19	16096557	16096625	chr19	16096558	16096626	68
chr19	16180348	16180425	chr19	16180349	16180426	77
chr19	21063131	21063245	chr19	21063132	21063246	114
chr19	23870554	23870612	chr19	23870536	23870594	58
chr19	29238735	29238808	chr19	29238736	29238809	73
chr19	50996910	50997008	chr19	50996911	50997008	97
chr19	55930153	55930219	chr19	55930170	55930236	66
chr20	12963787	12963846	chr20	12963788	12963847	59
chr20	15559229	15559283	chr20	15559259	15559313	54
chr20	29629646	29629743	chr20	29629649	29629761	112
chr20	52779052	52779151	chr20	52779076	52779175	99
chr20	56236996	56237066	chr20	56237042	56237112	70
chr20	59014066	59014142	chr20	59014067	59014143	76
chr20	61789924	61790054	chr20	61789813	61790214	401
chr20	62425017	62425067	chr20	62425018	62425068	50
chr20	62478654	62478764	chr20	62478655	62478765	110
chr21	10851820	10851945	chr21	10851789	10851900	111
chr21	14422071	14422131	chr21	14422067	14422124	57
chr21	17937054	17937126	chr21	17937055	17937127	72
chr21	20396334	20396453	chr21	20396335	20396454	119
chr21	30106261	30106386	chr21	30106262	30106387	125
chr21	33672994	33673075	chr21	33673007	33673078	71
chr21	39196249	39196336	chr21	39196250	39196337	87
chr21	47313491	47313565	chr21	47313492	47313565	73
chr22	20212726	20212805	chr22	20212727	20212806	79
chr22	30072937	30072989	chr22	30072971	30073023	52
chr22	36713098	36713151	chr22	36713117	36713172	55
chr22	47740747	47740808	chr22	47740754	47740815	61
chr22	48979487	48979559	chr22	48979488	48979560	72
chr22	48979487	48979559	chr22	48979501	48979612	111
chr22	50673692	50673764	chr22	50673718	50673790	72
chrX	6500291	6500370	chrX	6500257	6500321	64
chrX	8946489	8946578	chrX	8946487	8946569	82
chrX	22994107	22994158	chrX	22994107	22994164	57
chrX	30811558	30811636	chrX	30811559	30811637	78
chrX	40822608	40822723	chrX	40822609	40822724	115
chrX	43887555	43887631	chrX	43887588	43887664	76
chrX	50780296	50780352	chrX	50780288	50780443	155
chrX	50791503	50791568	chrX	50791504	50791569	65
chrX	53872702	53872783	chrX	53872703	53872784	81
chrX	65739188	65739241	chrX	65739189	65739242	53
chrX	78557128	78557195	chrX	78557129	78557196	67
chrX	81900786	81900850	chrX	81900787	81900851	64
chrX	114637638	114637728	chrX	114637638	114637730	92
chrX	143750071	143750123	chrX	143750072	143750124	52
chrX	144419590	144419650	chrX	144419591	144419651	60
chrX	154303566	154303620	chrX	154303567	154303621	54
