chr1	1649043	1649094	chr1	1649027	1649078	51
chr1	2775802	2775880	chr1	2775785	2775863	78
chr1	11525225	11525289	chr1	11525238	11525291	53
chr1	18681335	18681385	chr1	18681337	18681387	50
chr1	30298152	30298204	chr1	30298142	30298194	52
chr1	43562744	43562794	chr1	43562731	43562781	50
chr1	49549776	49549830	chr1	49549778	49549832	54
chr1	55334337	55334389	chr1	55334339	55334391	52
chr1	76768719	76768797	chr1	76768721	76768799	78
chr1	82085248	82085299	chr1	82085250	82085301	51
chr1	83149858	83149910	chr1	83149851	83149909	58
chr1	92681353	92681405	chr1	92681353	92681405	52
chr1	101724132	101724207	chr1	101724129	101724205	76
chr1	106969648	106969788	chr1	106969624	106969786	162
chr1	150037842	150037898	chr1	150037844	150037900	56
chr1	151905214	151905314	chr1	151905216	151905316	100
chr1	156806524	156806576	chr1	156806526	156806578	52
chr1	158851689	158851745	chr1	158851665	158851722	57
chr1	164989699	164989750	chr1	164989701	164989752	51
chr1	171783587	171783649	chr1	171783588	171783650	62
chr1	182690093	182690189	chr1	182690105	182690201	96
chr1	208862789	208862852	chr1	208862791	208862854	63
chr1	220226025	220226107	chr1	220226027	220226109	82
chr1	227937451	227937520	chr1	227937450	227937518	68
chr1	241186304	241186427	chr1	241186298	241186421	123
chr1	246969897	246969989	chr1	246969898	246969990	92
chr1	247491064	247491143	chr1	247491036	247491115	79
chr1	247579916	247579979	chr1	247579918	247579981	63
chr1	247597192	247597276	chr1	247597204	247597288	84
chr2	740826	740889	chr2	740808	740872	64
chr2	859718	859901	chr2	859720	859903	183
chr2	1203935	1204007	chr2	1203911	1203983	72
chr2	1449538	1449605	chr2	1449528	1449596	68
chr2	1642803	1642855	chr2	1642805	1642857	52
chr2	3332252	3332307	chr2	3332227	3332282	55
chr2	10374002	10374112	chr2	10373988	10374095	107
chr2	11253517	11253573	chr2	11253525	11253581	56
chr2	28661665	28661718	chr2	28661667	28661720	53
chr2	28688930	28688986	chr2	28688919	28688975	56
chr2	29999224	29999299	chr2	29999226	29999301	75
chr2	40882495	40882558	chr2	40882491	40882558	67
chr2	43359735	43359795	chr2	43359737	43359797	60
chr2	56746650	56746788	chr2	56746672	56746722	50
chr2	59644944	59644994	chr2	59644935	59644985	50
chr2	64480601	64480665	chr2	64480603	64480667	64
chr2	77478273	77478341	chr2	77478283	77478351	68
chr2	88018914	88018982	chr2	88018912	88018981	69
chr2	88352015	88352081	chr2	88351999	88352065	66
chr2	88429845	88429942	chr2	88429847	88429944	97
chr2	113104561	113104621	chr2	113104573	113104633	60
chr2	115530896	115530959	chr2	115530898	115530961	63
chr2	122623755	122623809	chr2	122623756	122623810	54
chr2	123616911	123616982	chr2	123616913	123616979	66
chr2	128737073	128737162	chr2	128737075	128737164	89
chr2	130493130	130493199	chr2	130493096	130493165	69
chr2	132335225	132335331	chr2	132335227	132335333	106
chr2	134765594	134765666	chr2	134765579	134765651	72
chr2	139942337	139942387	chr2	139942339	139942389	50
chr2	143927272	143927332	chr2	143927274	143927334	60
chr2	153153401	153153488	chr2	153153403	153153490	87
chr2	167447893	167448019	chr2	167447895	167448021	126
chr2	169606131	169606207	chr2	169606133	169606209	76
chr2	173148039	173148096	chr2	173148040	173148096	56
chr2	191680779	191680874	chr2	191680781	191680876	95
chr2	196605321	196605387	chr2	196605310	196605376	66
chr2	200530386	200530479	chr2	200530388	200530481	93
chr2	205185254	205185318	chr2	205185253	205185317	64
chr2	212182604	212182662	chr2	212182616	212182674	58
chr2	212700043	212700116	chr2	212700042	212700115	73
chr2	220321615	220321683	chr2	220321616	220321684	68
chr2	231401464	231401520	chr2	231401463	231401523	60
chr2	238962627	238962723	chr2	238962628	238962724	96
chr2	242608433	242608488	chr2	242608435	242608490	55
chr3	1629482	1629541	chr3	1629480	1629539	59
chr3	10758268	10758349	chr3	10758270	10758351	81
chr3	12196517	12196572	chr3	12196519	12196574	55
chr3	31856630	31856688	chr3	31856632	31856690	58
chr3	32940758	32940854	chr3	32940760	32940856	96
chr3	59792391	59792451	chr3	59792393	59792454	61
chr3	75367119	75367200	chr3	75367121	75367202	81
chr3	75774141	75774292	chr3	75774230	75774303	73
chr3	78687355	78687421	chr3	78687363	78687429	66
chr3	103308592	103308664	chr3	103308594	103308666	72
chr3	103431676	103431763	chr3	103431678	103431765	87
chr3	132776269	132776319	chr3	132776271	132776321	50
chr3	133578559	133578643	chr3	133578561	133578645	84
chr3	139230575	139230625	chr3	139230575	139230625	50
chr3	139425868	139425926	chr3	139425877	139425935	58
chr3	148969920	148969997	chr3	148969925	148969999	74
chr3	169190311	169190401	chr3	169190325	169190420	95
chr3	177896496	177896554	chr3	177896485	177896541	56
chr3	195487364	195487515	chr3	195487332	195487483	151
chr3	196270138	196270215	chr3	196270141	196270218	77
chr3	197734283	197734348	chr3	197734285	197734350	65
chr4	1064249	1064355	chr4	1064251	1064357	106
chr4	1086777	1086827	chr4	1086778	1086828	50
chr4	1600953	1601019	chr4	1600954	1601012	58
chr4	1673888	1673943	chr4	1673887	1673942	55
chr4	7983871	7983929	chr4	7983850	7983908	58
chr4	8820798	8820863	chr4	8820781	8820846	65
chr4	19357584	19357640	chr4	19357575	19357639	64
chr4	22502064	22502162	chr4	22502066	22502164	98
chr4	31355173	31355261	chr4	31355171	31355259	88
chr4	39400103	39400164	chr4	39400105	39400166	61
chr4	47487825	47487877	chr4	47487827	47487879	52
chr4	57742563	57742615	chr4	57742565	57742617	52
chr4	59808919	59808970	chr4	59808921	59808972	51
chr4	64028543	64028612	chr4	64028545	64028614	69
chr4	68873177	68873246	chr4	68873179	68873248	69
chr4	73418754	73418842	chr4	73418756	73418844	88
chr4	76551817	76551873	chr4	76551819	76551875	56
chr4	78199221	78199273	chr4	78199223	78199275	52
chr4	91569673	91569727	chr4	91569664	91569725	61
chr4	92905956	92906016	chr4	92905956	92906018	62
chr4	113348511	113348569	chr4	113348497	113348554	57
chr4	125847257	125847308	chr4	125847258	125847309	51
chr4	148362894	148362953	chr4	148362900	148362959	59
chr4	154911876	154911928	chr4	154911880	154911933	53
chr4	155803011	155803090	chr4	155803012	155803091	79
chr4	162263710	162263808	chr4	162263695	162263793	98
chr4	163214347	163214443	chr4	163214349	163214445	96
chr4	167412029	167412139	chr4	167412031	167412141	110
chr4	171969685	171969747	chr4	171969684	171969747	63
chr4	175073355	175073412	chr4	175073354	175073412	58
chr4	184632824	184632914	chr4	184632824	184632914	90
chr4	184661402	184661465	chr4	184661404	184661467	63
chr4	185883550	185883658	chr4	185883550	185883658	108
chr4	186631265	186631340	chr4	186631239	186631314	75
chr4	189424789	189424850	chr4	189424791	189424852	61
chr4	189428681	189428741	chr4	189428683	189428743	60
chr4	190038494	190038597	chr4	190038501	190038604	103
chr5	532573	532632	chr5	532575	532634	59
chr5	774823	774883	chr5	774799	774859	60
chr5	1206472	1206536	chr5	1206469	1206537	68
chr5	1276769	1276822	chr5	1276758	1276811	53
chr5	1294778	1294882	chr5	1294780	1294884	104
chr5	9162586	9162686	chr5	9162574	9162682	108
chr5	12769656	12769710	chr5	12769658	12769712	54
chr5	13399958	13400032	chr5	13399958	13400035	77
chr5	16167065	16167121	chr5	16167056	16167112	56
chr5	18171827	18171889	chr5	18171829	18171891	62
chr5	26653902	26653966	chr5	26653903	26653967	64
chr5	29868965	29869036	chr5	29868956	29869020	64
chr5	34991465	34991518	chr5	34991467	34991521	54
chr5	40697153	40697253	chr5	40697134	40697234	100
chr5	43523637	43523692	chr5	43523639	43523694	55
chr5	46001553	46001629	chr5	46001555	46001631	76
chr5	53755531	53755619	chr5	53755533	53755621	88
chr5	56361613	56361697	chr5	56361615	56361699	84
chr5	68105932	68106026	chr5	68105929	68106025	96
chr5	73037200	73037254	chr5	73037201	73037255	54
chr5	76108316	76108367	chr5	76108318	76108369	51
chr5	96325019	96325117	chr5	96325033	96325118	85
chr5	104877052	104877141	chr5	104877053	104877142	89
chr5	122723707	122723763	chr5	122723708	122723764	56
chr5	130804188	130804274	chr5	130804190	130804276	86
chr5	146639711	146639782	chr5	146639723	146639794	71
chr5	149148165	149148237	chr5	149148167	149148239	72
chr5	154315917	154316002	chr5	154315918	154316004	86
chr5	171912120	171912190	chr5	171912095	171912181	86
chr5	171953488	171953565	chr5	171953433	171953513	80
chr5	172145637	172145727	chr5	172145639	172145729	90
chr5	177728939	177729041	chr5	177728945	177729047	102
chr5	179056444	179056499	chr5	179056445	179056502	57
chr5	179276866	179276916	chr5	179276868	179276918	50
chr6	857727	857855	chr6	857771	857855	84
chr6	1515540	1515607	chr6	1515542	1515609	67
chr6	1684191	1684291	chr6	1684201	1684301	100
chr6	2605520	2605580	chr6	2605492	2605548	56
chr6	9100644	9100705	chr6	9100649	9100710	61
chr6	11801512	11801562	chr6	11801514	11801564	50
chr6	22501806	22501905	chr6	22501808	22501907	99
chr6	41705940	41706004	chr6	41705856	41705962	106
chr6	57351094	57351155	chr6	57351093	57351155	62
chr6	57481656	57481710	chr6	57481645	57481697	52
chr6	65006421	65006515	chr6	65006423	65006517	94
chr6	73651049	73651100	chr6	73651056	73651107	51
chr6	76746504	76746583	chr6	76746503	76746580	77
chr6	83094623	83094675	chr6	83094625	83094677	52
chr6	85771750	85771807	chr6	85771752	85771809	57
chr6	92289320	92289383	chr6	92289322	92289385	63
chr6	94397505	94397566	chr6	94397507	94397568	61
chr6	94544494	94544558	chr6	94544476	94544543	67
chr6	95400827	95400922	chr6	95400829	95400924	95
chr6	100297524	100297574	chr6	100297526	100297576	50
chr6	134353543	134353609	chr6	134353543	134353609	66
chr6	143161448	143161520	chr6	143161434	143161517	83
chr6	145818662	145818760	chr6	145818663	145818761	98
chr6	151513869	151513943	chr6	151513870	151513944	74
chr6	158912485	158912548	chr6	158912453	158912503	50
chr6	167418101	167418170	chr6	167418103	167418172	69
chr6	167928591	167928700	chr6	167928592	167928701	109
chr6	170413297	170413372	chr6	170413299	170413374	75
chr6	170465430	170465493	chr6	170465432	170465495	63
chr7	410953	411025	chr7	410955	411027	72
chr7	455093	455150	chr7	455079	455137	58
chr7	648235	648300	chr7	648237	648302	65
chr7	904330	904386	chr7	904332	904388	56
chr7	2211106	2211188	chr7	2211114	2211196	82
chr7	7108164	7108234	chr7	7108166	7108236	70
chr7	23095966	23096018	chr7	23095966	23096020	54
chr7	29565365	29565419	chr7	29565367	29565421	54
chr7	36878879	36878968	chr7	36878881	36878970	89
chr7	51081675	51081733	chr7	51081677	51081735	58
chr7	83279410	83279470	chr7	83279376	83279466	90
chr7	96505545	96505623	chr7	96505547	96505625	78
chr7	101060891	101060955	chr7	101060893	101060957	64
chr7	107818086	107818179	chr7	107818071	107818163	92
chr7	108501444	108501545	chr7	108501444	108501546	102
chr7	127792064	127792172	chr7	127792065	127792173	108
chr7	145499212	145499263	chr7	145499212	145499263	51
chr7	147044512	147044570	chr7	147044514	147044572	58
chr7	147272280	147272331	chr7	147272276	147272327	51
chr7	151538740	151538793	chr7	151538741	151538794	53
chr7	153758774	153758852	chr7	153758776	153758854	78
chr7	154609512	154609573	chr7	154609452	154609533	81
chr7	155679059	155679125	chr7	155679036	155679104	68
chr7	155926191	155926284	chr7	155926193	155926286	93
chr7	157047595	157047649	chr7	157047585	157047639	54
chr7	157223302	157223362	chr7	157223314	157223374	60
chr7	157232314	157232369	chr7	157232322	157232377	55
chr7	157388196	157388287	chr7	157388159	157388223	64
chr7	157734848	157734899	chr7	157734831	157734887	56
chr7	158041473	158041585	chr7	158041453	158041570	117
chr7	158253017	158253090	chr7	158253019	158253092	73
chr7	158589644	158589788	chr7	158589589	158589736	147
chr7	158852412	158852472	chr7	158852414	158852474	60
chr7	158894866	158894918	chr7	158894868	158894920	52
chr8	1185089	1185143	chr8	1185087	1185141	54
chr8	1202306	1202383	chr8	1202308	1202385	77
chr8	1328000	1328050	chr8	1328002	1328052	50
chr8	1390333	1390443	chr8	1390308	1390418	110
chr8	2148345	2148431	chr8	2148346	2148432	86
chr8	2199847	2199918	chr8	2199826	2199898	72
chr8	2322182	2322250	chr8	2322167	2322236	69
chr8	16546748	16546848	chr8	16546750	16546850	100
chr8	23447840	23447890	chr8	23447825	23447875	50
chr8	25327221	25327278	chr8	25327222	25327279	57
chr8	27776160	27776214	chr8	27776151	27776205	54
chr8	55407139	55407213	chr8	55407141	55407215	74
chr8	67195763	67195817	chr8	67195732	67195792	60
chr8	73128358	73128453	chr8	73128370	73128465	95
chr8	87157409	87157512	chr8	87157399	87157464	65
chr8	92840214	92840287	chr8	92840216	92840289	73
chr8	97800062	97800127	chr8	97800064	97800128	64
chr8	121930615	121930722	chr8	121930606	121930714	108
chr8	124654291	124654346	chr8	124654293	124654353	60
chr8	140014070	140014187	chr8	140014072	140014189	117
chr8	144058297	144058347	chr8	144058323	144058375	52
chr8	145503113	145503195	chr8	145503108	145503190	82
chr9	4787735	4787820	chr9	4787700	4787785	85
chr9	5441981	5442037	chr9	5441969	5442028	59
chr9	19820007	19820067	chr9	19820019	19820069	50
chr9	27670560	27670625	chr9	27670562	27670627	65
chr9	28584919	28585011	chr9	28584925	28585013	88
chr9	36341806	36341864	chr9	36341792	36341850	58
chr9	38764836	38764903	chr9	38764821	38764888	67
chr9	44764648	44764728	chr9	44764663	44764726	63
chr9	66849063	66849234	chr9	66848990	66849162	172
chr9	68407750	68407827	chr9	68407758	68407838	80
chr9	69960569	69960739	chr9	69960668	69960838	170
chr9	78262256	78262317	chr9	78262258	78262319	61
chr9	83267376	83267436	chr9	83267378	83267438	60
chr9	91501994	91502058	chr9	91501994	91502053	59
chr9	93665477	93665549	chr9	93665481	93665555	74
chr9	95687616	95687670	chr9	95687618	95687672	54
chr9	114674185	114674242	chr9	114674187	114674244	57
chr9	117363976	117364050	chr9	117363969	117364044	75
chr9	121371546	121371596	chr9	121371516	121371571	55
chr9	124553210	124553294	chr9	124553212	124553296	84
chr9	132410273	132410339	chr9	132410261	132410327	66
chr9	135296997	135297073	chr9	135296992	135297066	74
chr9	136847521	136847577	chr9	136847523	136847579	56
chr9	137690415	137690499	chr9	137690416	137690497	81
chr9	138207941	138208001	chr9	138207940	138208002	62
chr9	138562333	138562389	chr9	138562335	138562391	56
chr10	685341	685439	chr10	685343	685441	98
chr10	822084	822152	chr10	822084	822141	57
chr10	2543529	2543718	chr10	2543626	2543689	63
chr10	2543542	2543666	chr10	2543626	2543689	63
chr10	3500478	3500570	chr10	3500478	3500570	92
chr10	3721546	3721605	chr10	3721545	3721604	59
chr10	4636859	4636955	chr10	4636773	4636881	108
chr10	5248653	5248756	chr10	5248655	5248758	103
chr10	5644119	5644207	chr10	5644113	5644201	88
chr10	6073409	6073475	chr10	6073406	6073472	66
chr10	7671211	7671283	chr10	7671199	7671271	72
chr10	9097749	9097799	chr10	9097750	9097800	50
chr10	9436189	9436251	chr10	9436190	9436252	62
chr10	14750899	14750957	chr10	14750860	14750925	65
chr10	22798711	22798761	chr10	22798713	22798763	50
chr10	33097530	33097589	chr10	33097532	33097591	59
chr10	44675233	44675325	chr10	44675235	44675327	92
chr10	55725740	55725828	chr10	55725718	55725806	88
chr10	66684456	66684530	chr10	66684458	66684534	76
chr10	70634324	70634436	chr10	70634326	70634438	112
chr10	106593336	106593414	chr10	106593338	106593416	78
chr10	113358990	113359042	chr10	113358992	113359044	52
chr10	124573735	124573813	chr10	124573747	124573825	78
chr10	133260759	133260815	chr10	133260736	133260792	56
chr10	135380339	135380410	chr10	135380341	135380412	71
chr10	135499853	135499921	chr10	135499813	135499881	68
chr11	1142060	1142114	chr11	1142060	1142114	54
chr11	16905547	16905600	chr11	16905549	16905602	53
chr11	25680026	25680080	chr11	25680028	25680082	54
chr11	33659950	33660010	chr11	33659949	33660009	60
chr11	34047894	34047946	chr11	34047896	34047948	52
chr11	37448804	37448896	chr11	37448806	37448898	92
chr11	39010739	39010805	chr11	39010740	39010805	65
chr11	39785905	39785974	chr11	39785907	39785976	69
chr11	44523393	44523444	chr11	44523363	44523415	52
chr11	44743187	44743240	chr11	44743178	44743231	53
chr11	48814066	48814237	chr11	48814068	48814239	171
chr11	64268439	64268499	chr11	64268441	64268502	61
chr11	68797613	68797713	chr11	68797615	68797715	100
chr11	70797670	70797744	chr11	70797672	70797746	74
chr11	86964674	86964726	chr11	86964676	86964728	52
chr11	88769807	88769861	chr11	88769792	88769846	54
chr11	97131929	97132025	chr11	97131922	97132011	89
chr11	109930919	109930994	chr11	109930921	109930996	75
chr11	121636424	121636476	chr11	121636406	121636462	56
chr11	122999066	122999120	chr11	122999059	122999113	54
chr11	124830138	124830246	chr11	124830140	124830248	108
chr11	134008262	134008335	chr11	134008246	134008320	74
chr11	134431774	134431829	chr11	134431776	134431831	55
chr12	240152	240208	chr12	240154	240210	56
chr12	348351	348429	chr12	348353	348431	78
chr12	11288103	11288156	chr12	11288105	11288158	53
chr12	22047473	22047575	chr12	22047474	22047578	104
chr12	41757437	41757525	chr12	41757434	41757519	85
chr12	66678525	66678601	chr12	66678527	66678603	76
chr12	95387007	95387143	chr12	95387022	95387145	123
chr12	115023765	115023828	chr12	115023767	115023830	63
chr12	122947416	122947466	chr12	122947418	122947468	50
chr12	127947266	127947318	chr12	127947268	127947320	52
chr12	128181066	128181194	chr12	128181072	128181200	128
chr12	130877994	130878053	chr12	130877996	130878055	59
chr12	130900153	130900205	chr12	130900165	130900217	52
chr12	131017524	131017600	chr12	131017473	131017571	98
chr12	132285971	132286070	chr12	132285982	132286071	89
chr12	132480262	132480326	chr12	132480264	132480328	64
chr12	133046293	133046343	chr12	133046245	133046326	81
chr13	22317495	22317569	chr13	22317482	22317549	67
chr13	31417785	31417880	chr13	31417797	31417892	95
chr13	36818914	36818975	chr13	36818916	36818977	61
chr13	39276738	39276796	chr13	39276702	39276760	58
chr13	41453839	41453889	chr13	41453837	41453889	52
chr13	50474688	50474751	chr13	50474690	50474753	63
chr13	56278516	56278584	chr13	56278504	56278570	66
chr13	68132436	68132495	chr13	68132437	68132496	59
chr13	72386637	72386687	chr13	72386639	72386689	50
chr13	75625199	75625277	chr13	75625200	75625278	78
chr13	79757405	79757461	chr13	79757407	79757463	56
chr13	82355641	82355696	chr13	82355643	82355698	55
chr13	87341743	87341801	chr13	87341745	87341803	58
chr13	93555561	93555618	chr13	93555563	93555620	57
chr13	93747917	93747991	chr13	93747926	93748001	75
chr13	95339372	95339422	chr13	95339384	95339434	50
chr13	101625773	101625871	chr13	101625775	101625873	98
chr13	103875493	103875570	chr13	103875494	103875571	77
chr13	109267189	109267251	chr13	109267191	109267253	62
chr13	113426838	113426892	chr13	113426840	113426894	54
chr13	113616375	113616435	chr13	113616377	113616437	60
chr13	113991046	113991116	chr13	113991048	113991118	70
chr13	114263923	114263985	chr13	114263925	114263987	62
chr13	114764511	114764591	chr13	114764513	114764593	80
chr13	114795858	114795948	chr13	114795896	114796004	108
chr14	24394552	24394605	chr14	24394524	24394577	53
chr14	43899449	43899532	chr14	43899449	43899534	85
chr14	64504385	64504467	chr14	64504387	64504469	82
chr14	68995379	68995453	chr14	68995381	68995455	74
chr14	79653926	79654025	chr14	79653927	79654027	100
chr14	83900391	83900481	chr14	83900389	83900479	90
chr14	94235337	94235393	chr14	94235314	94235370	56
chr14	106323455	106323519	chr14	106323457	106323521	64
chr14	106415141	106415231	chr14	106415143	106415233	90
chr14	106598474	106598531	chr14	106598476	106598533	57
chr14	106986861	106986921	chr14	106986863	106986923	60
chr15	37544733	37544794	chr15	37544735	37544796	61
chr15	41585707	41585775	chr15	41585696	41585764	68
chr15	63441742	63441819	chr15	63441743	63441820	77
chr15	64664107	64664226	chr15	64664109	64664228	119
chr15	68063458	68063514	chr15	68063460	68063516	56
chr15	70476032	70476102	chr15	70476034	70476104	70
chr15	79084263	79084355	chr15	79084265	79084357	92
chr15	93747481	93747545	chr15	93747462	93747528	66
chr15	94933278	94933346	chr15	94933280	94933348	68
chr15	101592568	101592636	chr15	101592570	101592638	68
chr16	1447264	1447351	chr16	1447266	1447353	87
chr16	3061561	3061672	chr16	3061548	3061659	111
chr16	8161738	8161822	chr16	8161744	8161828	84
chr16	8614843	8614903	chr16	8614838	8614898	60
chr16	14967879	14967955	chr16	14967868	14967945	77
chr16	25721774	25721829	chr16	25721776	25721831	55
chr16	32525917	32525974	chr16	32525917	32525974	57
chr16	33938588	33938677	chr16	33938635	33938726	91
chr16	33938671	33938759	chr16	33938635	33938726	91
chr16	33968789	33968858	chr16	33968787	33968959	172
chr16	33968882	33968971	chr16	33968787	33968959	172
chr16	49499433	49499492	chr16	49499435	49499494	59
chr16	57779206	57779256	chr16	57779208	57779258	50
chr16	58614880	58614964	chr16	58614876	58614963	87
chr16	58819558	58819633	chr16	58819560	58819635	75
chr16	63756306	63756388	chr16	63756308	63756390	82
chr16	65570960	65571040	chr16	65570933	65571012	79
chr16	75095352	75095429	chr16	75095354	75095431	77
chr16	83757786	83757862	chr16	83757788	83757864	76
chr16	87597656	87597755	chr16	87597638	87597737	99
chr16	87705202	87705254	chr16	87705189	87705241	52
chr16	87981799	87981853	chr16	87981801	87981855	54
chr17	267605	267673	chr17	267607	267675	68
chr17	1062814	1062990	chr17	1062661	1062957	296
chr17	1189669	1189744	chr17	1189679	1189754	75
chr17	2917426	2917485	chr17	2917428	2917487	59
chr17	8149142	8149279	chr17	8149128	8149266	138
chr17	8384394	8384463	chr17	8384384	8384453	69
chr17	31791515	31791589	chr17	31791543	31791594	51
chr17	35118328	35118385	chr17	35118304	35118357	53
chr17	35146275	35146341	chr17	35146277	35146343	66
chr17	39392095	39392147	chr17	39392090	39392142	52
chr17	52705176	52705226	chr17	52705178	52705228	50
chr17	77663445	77663503	chr17	77663453	77663514	61
chr17	78665063	78665131	chr17	78665065	78665133	68
chr17	79117270	79117341	chr17	79117272	79117343	71
chr17	79225013	79225074	chr17	79225015	79225076	61
chr17	80185492	80185561	chr17	80185447	80185513	66
chr17	80343915	80343986	chr17	80343885	80343955	70
chr18	107654	107789	chr18	107754	107890	136
chr18	110872	110940	chr18	110786	110922	136
chr18	110872	110940	chr18	110887	111027	140
chr18	2997376	2997457	chr18	2997378	2997459	81
chr18	7073836	7073889	chr18	7073838	7073891	53
chr18	9626610	9626661	chr18	9626590	9626660	70
chr18	11826268	11826367	chr18	11826237	11826333	96
chr18	12227981	12228047	chr18	12227983	12228049	66
chr18	15408136	15408307	chr18	15408186	15408694	508
chr18	23473581	23473650	chr18	23473582	23473651	69
chr18	37067014	37067072	chr18	37067015	37067073	58
chr18	44715166	44715243	chr18	44715168	44715245	77
chr18	46159351	46159429	chr18	46159352	46159430	78
chr18	53765644	53765708	chr18	53765623	53765691	68
chr18	65520684	65520738	chr18	65520686	65520740	54
chr18	67283642	67283723	chr18	67283644	67283725	81
chr18	69332933	69332989	chr18	69332945	69333001	56
chr18	72779980	72780030	chr18	72779949	72779999	50
chr18	73810351	73810425	chr18	73810342	73810416	74
chr18	74730309	74730379	chr18	74730310	74730380	70
chr18	76264365	76264416	chr18	76264367	76264418	51
chr18	76344626	76344696	chr18	76344624	76344695	71
chr18	76420322	76420390	chr18	76420324	76420392	68
chr19	2575980	2576036	chr19	2575974	2576028	54
chr19	2674194	2674282	chr19	2674196	2674284	88
chr19	30608885	30608953	chr19	30608897	30608965	68
chr19	31733642	31733762	chr19	31733644	31733764	120
chr19	36002361	36002412	chr19	36002373	36002424	51
chr19	40124704	40124786	chr19	40124706	40124788	82
chr19	48837689	48837741	chr19	48837675	48837727	52
chr19	49676268	49676332	chr19	49676224	49676288	64
chr19	56580932	56580982	chr19	56580934	56580984	50
chr20	22097665	22097720	chr20	22097667	22097722	55
chr20	23755258	23755323	chr20	23755260	23755325	65
chr20	24873683	24873748	chr20	24873685	24873750	65
chr20	31681351	31681454	chr20	31681347	31681450	103
chr20	55606894	55607016	chr20	55606943	55607014	71
chr20	59731222	59731282	chr20	59731213	59731273	60
chr20	59884412	59884463	chr20	59884378	59884429	51
chr20	60160728	60160838	chr20	60160705	60160815	110
chr20	61588403	61588479	chr20	61588405	61588481	76
chr20	62661037	62661143	chr20	62661039	62661145	106
chr20	62767800	62767854	chr20	62767802	62767856	54
chr20	62836610	62836696	chr20	62836612	62836698	86
chr20	62909059	62909124	chr20	62909029	62909093	64
chr21	9569591	9569686	chr21	9569592	9569687	95
chr21	10734263	10734433	chr21	10734306	10734647	341
chr21	10813968	10814023	chr21	10813988	10814042	54
chr21	14650763	14650844	chr21	14650765	14650846	81
chr21	23636869	23636936	chr21	23636853	23636920	67
chr21	33030348	33030398	chr21	33030350	33030400	50
chr21	42341846	42341901	chr21	42341802	42341875	73
chr21	45922793	45922884	chr21	45922795	45922886	91
chr21	46153213	46153278	chr21	46153224	46153289	65
chr21	47306483	47306566	chr21	47306497	47306549	52
chr21	47306514	47306566	chr21	47306497	47306549	52
chr21	47804627	47804698	chr21	47804612	47804683	71
chr22	18977575	18977640	chr22	18977577	18977642	65
chr22	19947322	19947389	chr22	19947296	19947363	67
chr22	24054882	24054953	chr22	24054884	24054955	71
chr22	34069804	34069925	chr22	34069806	34069927	121
chr22	42510763	42510819	chr22	42510765	42510821	56
chr22	43985160	43985210	chr22	43985162	43985212	50
chr22	49401387	49401484	chr22	49401389	49401486	97
chrX	3609471	3609526	chrX	3609469	3609527	58
chrX	17502753	17502822	chrX	17502731	17502811	80
chrX	19485812	19485874	chrX	19485786	19485848	62
chrX	26954934	26955004	chrX	26954926	26954991	65
chrX	31085538	31085592	chrX	31085514	31085567	53
chrX	40401497	40401565	chrX	40401498	40401571	73
chrX	47093162	47093215	chrX	47093164	47093217	53
chrX	50632417	50632467	chrX	50632419	50632469	50
chrX	74599737	74599800	chrX	74599738	74599801	63
chrX	82523234	82523314	chrX	82523236	82523316	80
chrX	101091435	101091520	chrX	101091424	101091505	81
chrX	101155257	101155309	chrX	101155259	101155311	52
chrX	115247363	115247435	chrX	115247351	115247423	72
chrX	129664484	129664564	chrX	129664458	129664540	82
chrX	146559239	146559345	chrX	146559241	146559347	106
chrX	146684542	146684638	chrX	146684544	146684640	96
