chr1	1598413	1598580	chr1	1598414	1598582	168
chr1	2593895	2594778	chr1	2593897	2594781	884
chr1	2611507	2612952	chr1	2612427	2613108	681
chr1	2611507	2614397	chr1	2612427	2613108	681
chr1	2618487	2618648	chr1	2618469	2618991	522
chr1	2775802	2775880	chr1	2775785	2775863	78
chr1	4155146	4155460	chr1	4155148	4155462	314
chr1	10482480	10483779	chr1	10483502	10483792	290
chr1	11525225	11525289	chr1	11525238	11525291	53
chr1	11682893	11683189	chr1	11682893	11683181	288
chr1	13999720	14000031	chr1	13999728	14000033	305
chr1	24402985	24403302	chr1	24402987	24403307	320
chr1	25158687	25161509	chr1	25158689	25161511	2822
chr1	28247799	28248108	chr1	28247805	28248113	308
chr1	30298152	30298204	chr1	30298142	30298194	52
chr1	36749217	36749269	chr1	36749219	36749271	52
chr1	38208245	38208408	chr1	38208247	38208410	163
chr1	42743177	42743492	chr1	42743165	42743431	266
chr1	43562744	43562794	chr1	43562731	43562781	50
chr1	43857455	43857791	chr1	43857457	43857796	339
chr1	44605947	44606031	chr1	44605949	44606033	84
chr1	49549776	49549830	chr1	49549778	49549832	54
chr1	55334337	55334389	chr1	55334339	55334391	52
chr1	56401282	56401603	chr1	56401286	56401608	322
chr1	56831106	56834961	chr1	56831108	56834963	3855
chr1	57242607	57242946	chr1	57242609	57242948	339
chr1	57861398	57861454	chr1	57861400	57861456	56
chr1	58743909	58744822	chr1	58744479	58744813	334
chr1	62390586	62390935	chr1	62390588	62390937	349
chr1	62589448	62589499	chr1	62589439	62589490	51
chr1	63151819	63152158	chr1	63151821	63152159	338
chr1	63705356	63708146	chr1	63705358	63708148	2790
chr1	67201204	67201536	chr1	67201205	67201539	334
chr1	69806992	69807311	chr1	69806993	69807312	319
chr1	69943715	69944021	chr1	69943713	69944021	308
chr1	70027325	70027682	chr1	70027310	70027669	359
chr1	70768111	70768434	chr1	70768113	70768436	323
chr1	70946189	70946520	chr1	70946194	70946521	327
chr1	73753600	73753915	chr1	73753602	73753917	315
chr1	74312431	74312682	chr1	74312427	74312679	252
chr1	76011865	76012195	chr1	76011867	76012194	327
chr1	76768719	76768797	chr1	76768721	76768799	78
chr1	77100366	77100649	chr1	77100368	77100654	286
chr1	79401508	79401830	chr1	79401510	79401832	322
chr1	81404757	81410948	chr1	81404759	81410950	6191
chr1	82085248	82085299	chr1	82085250	82085301	51
chr1	82963291	82963615	chr1	82963290	82963615	325
chr1	83042644	83042964	chr1	83042646	83042966	320
chr1	83149850	83149910	chr1	83149851	83149909	58
chr1	83479232	83479322	chr1	83479212	83479302	90
chr1	85748620	85748950	chr1	85748622	85748952	330
chr1	86400851	86404538	chr1	86400852	86404537	3685
chr1	86405790	86406118	chr1	86405792	86406121	329
chr1	86740980	86741697	chr1	86741500	86741709	209
chr1	91624771	91625054	chr1	91624770	91625056	286
chr1	92681353	92681405	chr1	92681353	92681405	52
chr1	94251458	94251771	chr1	94251460	94251773	313
chr1	99179942	99180049	chr1	99179943	99180051	108
chr1	101388551	101388871	chr1	101388553	101388873	320
chr1	101724130	101724207	chr1	101724129	101724205	76
chr1	103047678	103048008	chr1	103047680	103048010	330
chr1	103096065	103096384	chr1	103096067	103096386	319
chr1	104443199	104443725	chr1	104443201	104443729	528
chr1	105428309	105428639	chr1	105428308	105428643	335
chr1	105866770	105867044	chr1	105866772	105867048	276
chr1	112074694	112074805	chr1	112074696	112074807	111
chr1	113611322	113613777	chr1	113611324	113613779	2455
chr1	113799628	113800090	chr1	113799630	113800093	463
chr1	115043520	115043832	chr1	115043522	115043834	312
chr1	115796888	115797172	chr1	115796890	115797176	286
chr1	121351981	121352319	chr1	121351983	121352321	338
chr1	121352009	121352347	chr1	121351983	121352321	338
chr1	121352009	121354047	chr1	121353289	121354976	1687
chr1	121352617	121357193	chr1	121353289	121354976	1687
chr1	121352679	121356065	chr1	121353289	121354976	1687
chr1	121352704	121356090	chr1	121353289	121354976	1687
chr1	121352876	121356260	chr1	121353289	121354976	1687
chr1	121354380	121356065	chr1	121353289	121354976	1687
chr1	121355082	121359836	chr1	121356578	121357769	1191
chr1	121355082	121359836	chr1	121358763	121359955	1192
chr1	121355162	121359916	chr1	121356578	121357769	1191
chr1	121355162	121359916	chr1	121358763	121359955	1192
chr1	121355196	121355703	chr1	121355369	121355544	175
chr1	121355236	121355407	chr1	121355369	121355544	175
chr1	121355269	121355776	chr1	121355369	121355544	175
chr1	121356175	121369899	chr1	121361902	121365904	4002
chr1	121356554	121370280	chr1	121361902	121365904	4002
chr1	121356978	121360035	chr1	121356578	121357769	1191
chr1	121356978	121360035	chr1	121358763	121359955	1192
chr1	121363035	121363303	chr1	121363045	121363317	272
chr1	145026729	145027052	chr1	145026716	145027019	303
chr1	150037842	150037898	chr1	150037844	150037900	56
chr1	150339831	150339889	chr1	150339833	150339891	58
chr1	150691435	150691769	chr1	150691437	150691771	334
chr1	151905214	151905314	chr1	151905216	151905316	100
chr1	157540661	157540876	chr1	157540651	157540866	215
chr1	158629371	158629699	chr1	158629379	158629709	330
chr1	158851689	158851745	chr1	158851665	158851722	57
chr1	159648707	159649657	chr1	159648709	159648974	265
chr1	162052665	162052985	chr1	162052667	162052987	320
chr1	171783587	171783649	chr1	171783588	171783650	62
chr1	180183831	180184150	chr1	180183834	180184151	317
chr1	180292989	180293313	chr1	180292989	180293308	319
chr1	182674679	182674860	chr1	182674681	182674862	181
chr1	182690093	182690189	chr1	182690105	182690201	96
chr1	184814728	184820784	chr1	184814730	184820786	6056
chr1	184937037	184937359	chr1	184937039	184937361	322
chr1	185373096	185373434	chr1	185373098	185373436	338
chr1	188539454	188540229	chr1	188539984	188540241	257
chr1	193235430	193235657	chr1	193235425	193235652	227
chr1	197500508	197503271	chr1	197500510	197503273	2763
chr1	199438726	199440233	chr1	199438728	199440235	1507
chr1	208862789	208862852	chr1	208862791	208862854	63
chr1	210295303	210295622	chr1	210295307	210295623	316
chr1	213002368	213013665	chr1	213002370	213013667	11297
chr1	218182488	218188594	chr1	218182490	218188596	6106
chr1	218785913	218786233	chr1	218785911	218786236	325
chr1	220226025	220226107	chr1	220226027	220226109	82
chr1	220285454	220285774	chr1	220285454	220285773	319
chr1	222034143	222034475	chr1	222034145	222034477	332
chr1	225256531	225256801	chr1	225256533	225256803	270
chr1	227482264	227482582	chr1	227482265	227482589	324
chr1	227937451	227937520	chr1	227937450	227937518	68
chr1	228024093	228024405	chr1	228024095	228024407	312
chr1	228814805	228815141	chr1	228814810	228815147	337
chr1	229812533	229820836	chr1	229812535	229820838	8303
chr1	232423118	232423446	chr1	232423120	232423448	328
chr1	232775529	232775843	chr1	232775531	232775845	314
chr1	232836575	232836759	chr1	232836577	232836761	184
chr1	236054575	236054913	chr1	236054577	236054915	338
chr1	236594925	236595250	chr1	236594929	236595256	327
chr1	240616990	240617314	chr1	240616991	240617314	323
chr1	241149856	241150181	chr1	241149857	241150183	326
chr1	243782745	243783759	chr1	243782746	243782973	227
chr1	243782745	243783759	chr1	243783501	243783777	276
chr1	246969897	246969989	chr1	246969898	246969990	92
chr1	246989161	246989224	chr1	246989165	246989228	63
chr1	247491064	247491143	chr1	247491036	247491115	79
chr1	247536758	247536953	chr1	247536760	247536955	195
chr1	247579916	247579979	chr1	247579918	247579981	63
chr1	247850462	247856515	chr1	247850464	247856517	6053
chr1	248051478	248057638	chr1	248051480	248057640	6160
chr2	740826	740889	chr2	740808	740872	64
chr2	859718	859901	chr2	859720	859903	183
chr2	1089571	1089775	chr2	1089573	1089777	204
chr2	1203935	1204007	chr2	1203911	1203983	72
chr2	1642803	1642855	chr2	1642805	1642857	52
chr2	4781291	4787356	chr2	4781293	4787358	6065
chr2	5209176	5209502	chr2	5209183	5209515	332
chr2	8616794	8617101	chr2	8616797	8617106	309
chr2	10374002	10374112	chr2	10373988	10374095	107
chr2	12019026	12022932	chr2	12019028	12022934	3906
chr2	20666665	20666972	chr2	20666667	20666974	307
chr2	28353920	28354247	chr2	28353919	28354249	330
chr2	28661665	28661718	chr2	28661667	28661720	53
chr2	33091727	33095623	chr2	33091729	33095625	3896
chr2	36955660	36955976	chr2	36955662	36955978	316
chr2	39071477	39071819	chr2	39071479	39071821	342
chr2	40882495	40882558	chr2	40882491	40882558	67
chr2	40978139	40978471	chr2	40978141	40978473	332
chr2	41973141	41975865	chr2	41973143	41975867	2724
chr2	43359735	43359795	chr2	43359737	43359797	60
chr2	44636234	44636322	chr2	44636221	44636309	88
chr2	46312696	46312947	chr2	46312698	46312949	251
chr2	46433782	46433944	chr2	46433784	46433946	162
chr2	48990526	48991164	chr2	48990538	48990957	419
chr2	51973823	51974240	chr2	51973823	51974240	417
chr2	55860489	55860669	chr2	55860489	55860663	174
chr2	56071107	56071397	chr2	56071109	56071399	290
chr2	57342729	57343056	chr2	57342727	57343054	327
chr2	62457099	62457426	chr2	62457101	62457428	327
chr2	65807507	65807817	chr2	65807511	65807816	305
chr2	78117890	78118357	chr2	78117890	78118356	466
chr2	79057647	79057983	chr2	79057649	79057985	336
chr2	79408043	79408285	chr2	79408044	79408274	230
chr2	84758440	84758733	chr2	84758434	84758729	295
chr2	85326970	85327277	chr2	85326972	85327280	308
chr2	85335357	85335675	chr2	85335355	85335675	320
chr2	88018908	88018977	chr2	88018912	88018981	69
chr2	88214787	88215173	chr2	88214792	88215173	381
chr2	88320968	88321215	chr2	88320970	88321217	247
chr2	88352015	88352081	chr2	88351999	88352065	66
chr2	88429838	88430152	chr2	88429847	88429944	97
chr2	88429845	88429942	chr2	88429847	88429944	97
chr2	89875340	89878448	chr2	89876860	89877562	702
chr2	90372499	90391402	chr2	90379921	90385024	5103
chr2	90372548	90391402	chr2	90379921	90385024	5103
chr2	90372786	90391640	chr2	90379921	90385024	5103
chr2	90375264	90381953	chr2	90379921	90385024	5103
chr2	90375364	90382024	chr2	90379921	90385024	5103
chr2	90375378	90382041	chr2	90379921	90385024	5103
chr2	90375463	90382100	chr2	90379921	90385024	5103
chr2	90375559	90388371	chr2	90379921	90385024	5103
chr2	90375573	90388287	chr2	90379921	90385024	5103
chr2	90375623	90382263	chr2	90379921	90385024	5103
chr2	90375623	90388337	chr2	90379921	90385024	5103
chr2	90375644	90388384	chr2	90379921	90385024	5103
chr2	90375710	90388425	chr2	90379921	90385024	5103
chr2	90375752	90388466	chr2	90379921	90385024	5103
chr2	90375772	90388487	chr2	90379921	90385024	5103
chr2	90375808	90388522	chr2	90379921	90385024	5103
chr2	90375865	90388579	chr2	90379921	90385024	5103
chr2	90375874	90388588	chr2	90379921	90385024	5103
chr2	90376026	90388799	chr2	90379921	90385024	5103
chr2	90376113	90388837	chr2	90379921	90385024	5103
chr2	90376238	90382878	chr2	90379921	90385024	5103
chr2	90376276	90382916	chr2	90379921	90385024	5103
chr2	90376359	90389083	chr2	90379921	90385024	5103
chr2	90376368	90389092	chr2	90379921	90385024	5103
chr2	90376404	90383044	chr2	90379921	90385024	5103
chr2	90376579	90383219	chr2	90379921	90385024	5103
chr2	90376595	90389319	chr2	90379921	90385024	5103
chr2	90376609	90383272	chr2	90379921	90385024	5103
chr2	90376741	90383381	chr2	90379921	90385024	5103
chr2	90376802	90383442	chr2	90379921	90385024	5103
chr2	90376997	90383637	chr2	90379921	90385024	5103
chr2	90377235	90383875	chr2	90379921	90385024	5103
chr2	90377331	90389813	chr2	90379921	90385024	5103
chr2	90377412	90384034	chr2	90379921	90385024	5103
chr2	90377412	90384039	chr2	90379921	90385024	5103
chr2	90377417	90384029	chr2	90379921	90385024	5103
chr2	90377521	90384138	chr2	90379921	90385024	5103
chr2	90377649	90390131	chr2	90379921	90385024	5103
chr2	90380882	90387231	chr2	90379921	90385024	5103
chr2	90381076	90387425	chr2	90379921	90385024	5103
chr2	90381495	90387840	chr2	90379921	90385024	5103
chr2	90383651	90389542	chr2	90379921	90385024	5103
chr2	90383651	90389542	chr2	90385088	90386300	1212
chr2	101975203	101975536	chr2	101975209	101975545	336
chr2	102097838	102098165	chr2	102097839	102098168	329
chr2	118881403	118882291	chr2	118881998	118882294	296
chr2	122623755	122623809	chr2	122623756	122623810	54
chr2	123364878	123365376	chr2	123364910	123365358	448
chr2	123616911	123616982	chr2	123616913	123616979	66
chr2	124170256	124170586	chr2	124170254	124170589	335
chr2	126443247	126451831	chr2	126443249	126451833	8584
chr2	127674756	127677272	chr2	127674758	127677274	2516
chr2	128737073	128737162	chr2	128737075	128737164	89
chr2	128871259	128871569	chr2	128871261	128871571	310
chr2	130493130	130493199	chr2	130493096	130493165	69
chr2	132335234	132335362	chr2	132335227	132335333	106
chr2	133024506	133024926	chr2	133024767	133024913	146
chr2	133024766	133025027	chr2	133024767	133024913	146
chr2	133024766	133025075	chr2	133024767	133024913	146
chr2	133024772	133025027	chr2	133024767	133024913	146
chr2	133026985	133027358	chr2	133027241	133027434	193
chr2	133026989	133027168	chr2	133026969	133027046	77
chr2	133027048	133027401	chr2	133027241	133027434	193
chr2	133027052	133027401	chr2	133027241	133027434	193
chr2	133027203	133027294	chr2	133027241	133027434	193
chr2	133027203	133028355	chr2	133027542	133027810	268
chr2	133027218	133028354	chr2	133027542	133027810	268
chr2	133027517	133028399	chr2	133027542	133027810	268
chr2	133027529	133028423	chr2	133027542	133027810	268
chr2	133027876	133028897	chr2	133028572	133028883	311
chr2	133028420	133029074	chr2	133028572	133028883	311
chr2	133028445	133029064	chr2	133028572	133028883	311
chr2	133028455	133029074	chr2	133028572	133028883	311
chr2	133028456	133029266	chr2	133028572	133028883	311
chr2	133029278	133029335	chr2	133029261	133029406	145
chr2	134460264	134460571	chr2	134460265	134460573	308
chr2	134544274	134544606	chr2	134544279	134544613	334
chr2	134966700	134970130	chr2	134966702	134970132	3430
chr2	138245288	138245632	chr2	138245289	138245641	352
chr2	139942337	139942387	chr2	139942339	139942389	50
chr2	142350998	142351323	chr2	142351000	142351321	321
chr2	151903083	151903359	chr2	151903085	151903361	276
chr2	152617288	152617603	chr2	152617292	152617498	206
chr2	153153401	153153488	chr2	153153403	153153490	87
chr2	155891178	155891494	chr2	155891179	155891492	313
chr2	158719085	158719396	chr2	158719087	158719398	311
chr2	160149117	160151648	chr2	160149119	160151650	2531
chr2	161795600	161795924	chr2	161795602	161795926	324
chr2	162332267	162334041	chr2	162332269	162334043	1774
chr2	163666408	163666723	chr2	163666409	163666726	317
chr2	168895806	168896126	chr2	168895806	168896129	323
chr2	169081735	169081811	chr2	169081737	169081813	76
chr2	169395462	169395774	chr2	169395462	169395776	314
chr2	169606131	169606207	chr2	169606133	169606209	76
chr2	172664712	172664830	chr2	172664713	172664823	110
chr2	173148039	173148099	chr2	173148040	173148096	56
chr2	174151730	174152045	chr2	174151745	174152047	302
chr2	175090625	175090945	chr2	175090627	175090947	320
chr2	176346668	176352721	chr2	176346670	176352723	6053
chr2	178287637	178288061	chr2	178287638	178288049	411
chr2	181453907	181454631	chr2	181454313	181454588	275
chr2	181925827	181926149	chr2	181925829	181926154	325
chr2	182355971	182356286	chr2	182355973	182356289	316
chr2	182565240	182565568	chr2	182565246	182565575	329
chr2	184249966	184250309	chr2	184249966	184250310	344
chr2	187437114	187437308	chr2	187437112	187437294	182
chr2	188215718	188216025	chr2	188215722	188216029	307
chr2	191680779	191680874	chr2	191680781	191680876	95
chr2	193355404	193355708	chr2	193355405	193355710	305
chr2	194689501	194698765	chr2	194689503	194698767	9264
chr2	196031309	196031614	chr2	196031312	196031619	307
chr2	196051814	196052084	chr2	196051815	196052086	271
chr2	196822261	196822345	chr2	196822263	196822347	84
chr2	200312455	200312679	chr2	200312453	200312678	225
chr2	200530386	200530479	chr2	200530388	200530481	93
chr2	205185254	205185318	chr2	205185253	205185317	64
chr2	206731182	206731505	chr2	206731183	206731505	322
chr2	206845198	206845314	chr2	206845200	206845316	116
chr2	208567224	208567529	chr2	208567226	208567524	298
chr2	208959107	208959450	chr2	208959109	208959452	343
chr2	209061157	209061477	chr2	209061159	209061479	320
chr2	212551245	212551542	chr2	212551247	212551543	296
chr2	212700043	212700116	chr2	212700042	212700115	73
chr2	214507330	214507569	chr2	214507332	214507571	239
chr2	214775204	214775511	chr2	214775208	214775512	304
chr2	214778297	214778363	chr2	214778299	214778365	66
chr2	215728761	215730831	chr2	215728763	215730833	2070
chr2	217089930	217092498	chr2	217089932	217092500	2568
chr2	220321615	220321683	chr2	220321616	220321684	68
chr2	223481690	223481979	chr2	223481692	223481981	289
chr2	223760178	223762671	chr2	223760180	223762673	2493
chr2	223797358	223797675	chr2	223797355	223797677	322
chr2	231325294	231325637	chr2	231325295	231325640	345
chr2	231401464	231401520	chr2	231401463	231401523	60
chr2	231996176	231996500	chr2	231996178	231996505	327
chr2	237701915	237701977	chr2	237701917	237701979	62
chr2	238962627	238962723	chr2	238962628	238962724	96
chr2	239902389	239902561	chr2	239902390	239902564	174
chr2	240958939	240959261	chr2	240958940	240959262	322
chr2	241333969	241334098	chr2	241333968	241334094	126
chr2	242608433	242608488	chr2	242608435	242608490	55
chr3	982597	982931	chr3	982591	982907	316
chr3	2311586	2311934	chr3	2311588	2311936	348
chr3	2633026	2633347	chr3	2633028	2633349	321
chr3	3873204	3873533	chr3	3873206	3873535	329
chr3	10758268	10758349	chr3	10758270	10758351	81
chr3	10821757	10821920	chr3	10821758	10821921	163
chr3	12196517	12196572	chr3	12196519	12196574	55
chr3	17731682	17732007	chr3	17731691	17732013	322
chr3	21457497	21457820	chr3	21457502	21457821	319
chr3	24090786	24091042	chr3	24090791	24091046	255
chr3	26786705	26787025	chr3	26786712	26787029	317
chr3	27430317	27430433	chr3	27430314	27430412	98
chr3	31856630	31856688	chr3	31856632	31856690	58
chr3	32940758	32940854	chr3	32940760	32940856	96
chr3	35051657	35051985	chr3	35051659	35051987	328
chr3	36108120	36108438	chr3	36108121	36108439	318
chr3	37553611	37553661	chr3	37553603	37553661	58
chr3	42838356	42840810	chr3	42838358	42840812	2454
chr3	43031092	43031420	chr3	43031094	43031422	328
chr3	45768351	45768676	chr3	45768352	45768679	327
chr3	46045872	46046129	chr3	46045868	46046123	255
chr3	47490667	47493440	chr3	47490669	47493442	2773
chr3	49494276	49494605	chr3	49494276	49494607	331
chr3	52709837	52710172	chr3	52709839	52710174	335
chr3	66763253	66763319	chr3	66763254	66763310	56
chr3	67493695	67496799	chr3	67493697	67496801	3104
chr3	70415105	70415440	chr3	70415107	70415442	335
chr3	75367119	75367200	chr3	75367121	75367202	81
chr3	78231821	78231914	chr3	78231821	78231889	68
chr3	78687355	78687421	chr3	78687363	78687429	66
chr3	83853115	83855349	chr3	83853117	83855351	2234
chr3	86213403	86213720	chr3	86213404	86213724	320
chr3	99037445	99037757	chr3	99037445	99037762	317
chr3	102283774	102284112	chr3	102283774	102284114	340
chr3	103308592	103308664	chr3	103308594	103308666	72
chr3	103431676	103431763	chr3	103431678	103431765	87
chr3	106813625	106813789	chr3	106813627	106813791	164
chr3	112467382	112467712	chr3	112467380	112467714	334
chr3	113854021	113854347	chr3	113854023	113854349	326
chr3	116275271	116275595	chr3	116275272	116275602	330
chr3	118281604	118281828	chr3	118281605	118281824	219
chr3	123236746	123237061	chr3	123236752	123237069	317
chr3	124890049	124890819	chr3	124890054	124890809	755
chr3	126358922	126359249	chr3	126358922	126359251	329
chr3	130347566	130353108	chr3	130347568	130353110	5542
chr3	131677802	131678143	chr3	131677803	131678147	344
chr3	132776269	132776319	chr3	132776271	132776321	50
chr3	133578559	133578643	chr3	133578561	133578645	84
chr3	139230575	139230625	chr3	139230575	139230625	50
chr3	144693110	144693236	chr3	144693112	144693238	126
chr3	145931898	145932210	chr3	145931900	145932212	312
chr3	148566792	148567110	chr3	148566799	148567118	319
chr3	152700168	152700379	chr3	152700170	152700381	211
chr3	153534937	153535291	chr3	153534934	153535285	351
chr3	156092170	156093691	chr3	156092164	156092493	329
chr3	158116901	158117244	chr3	158116905	158117244	339
chr3	161246712	161247047	chr3	161246723	161247055	332
chr3	162408296	162408612	chr3	162408300	162408614	314
chr3	168738454	168738835	chr3	168738454	168738834	380
chr3	170119564	170119877	chr3	170119561	170119874	313
chr3	172796839	172797098	chr3	172796840	172797097	257
chr3	177896496	177896554	chr3	177896485	177896541	56
chr3	178550130	178550871	chr3	178550134	178550869	735
chr3	186581015	186585284	chr3	186581017	186585286	4269
chr3	186826655	186826969	chr3	186826657	186826972	315
chr3	188304831	188305164	chr3	188304837	188305173	336
chr3	189575894	189576216	chr3	189575896	189576217	321
chr3	191856085	191856423	chr3	191856087	191856425	338
chr3	192063181	192063491	chr3	192063183	192063493	310
chr3	194121164	194121921	chr3	194121166	194121924	758
chr3	195487364	195487515	chr3	195487332	195487483	151
chr3	196270138	196270215	chr3	196270141	196270218	77
chr3	196759849	196759909	chr3	196759849	196759910	61
chr3	197162964	197163179	chr3	197163091	197163177	86
chr3	197734283	197734348	chr3	197734285	197734350	65
chr4	401039	401369	chr4	401041	401371	330
chr4	1086777	1086827	chr4	1086778	1086828	50
chr4	1600953	1601019	chr4	1600954	1601012	58
chr4	1673888	1673943	chr4	1673887	1673942	55
chr4	3611636	3611783	chr4	3611636	3611772	136
chr4	7635511	7635852	chr4	7635528	7635854	326
chr4	9573062	9573170	chr4	9573064	9573172	108
chr4	9576977	9577448	chr4	9576972	9577442	470
chr4	17202756	17203066	chr4	17202760	17203074	314
chr4	19079450	19085550	chr4	19079452	19085552	6100
chr4	19643112	19643453	chr4	19643114	19643455	341
chr4	21694730	21694850	chr4	21694731	21694849	118
chr4	23721664	23721985	chr4	23721666	23721987	321
chr4	25497150	25497463	chr4	25497152	25497465	313
chr4	28421590	28421940	chr4	28421592	28421942	350
chr4	31205815	31206134	chr4	31205812	31206138	326
chr4	31338487	31338686	chr4	31338488	31338682	194
chr4	31355173	31355261	chr4	31355171	31355259	88
chr4	31406677	31407004	chr4	31406673	31407004	331
chr4	31492863	31493299	chr4	31492867	31493304	437
chr4	36469904	36470237	chr4	36469900	36470241	341
chr4	36842746	36843089	chr4	36842748	36843091	343
chr4	39400103	39400164	chr4	39400105	39400166	61
chr4	43751805	43752129	chr4	43751803	43752113	310
chr4	43931495	43931836	chr4	43931497	43931838	341
chr4	44507275	44507729	chr4	44507271	44507727	456
chr4	44509377	44509695	chr4	44509383	44509699	316
chr4	44870726	44870899	chr4	44870725	44870898	173
chr4	46202795	46205026	chr4	46202797	46205028	2231
chr4	47487825	47487877	chr4	47487827	47487879	52
chr4	49105419	49105580	chr4	49105448	49105510	62
chr4	49105443	49105604	chr4	49105448	49105510	62
chr4	49318667	49318958	chr4	49318710	49318857	147
chr4	49516516	49516807	chr4	49516680	49516827	147
chr4	53058942	53058996	chr4	53058915	53058970	55
chr4	55808674	55808918	chr4	55808675	55808919	244
chr4	57742563	57742615	chr4	57742565	57742617	52
chr4	58087336	58087734	chr4	58087343	58087742	399
chr4	58148016	58148342	chr4	58148018	58148344	326
chr4	59944559	59950601	chr4	59944561	59950603	6042
chr4	60589089	60589207	chr4	60589091	60589209	118
chr4	61569228	61569558	chr4	61569236	61569566	330
chr4	61939189	61942243	chr4	61939191	61942245	3054
chr4	62028311	62028594	chr4	62028311	62028596	285
chr4	64028543	64028612	chr4	64028545	64028614	69
chr4	64030851	64031017	chr4	64030857	64031024	167
chr4	69036892	69037213	chr4	69036899	69037218	319
chr4	69959841	69960165	chr4	69959844	69960175	331
chr4	71926412	71926572	chr4	71926418	71926580	162
chr4	73418754	73418842	chr4	73418756	73418844	88
chr4	73831248	73831820	chr4	73831250	73831823	573
chr4	78199221	78199273	chr4	78199223	78199275	52
chr4	78236274	78236540	chr4	78236273	78236542	269
chr4	79269120	79275195	chr4	79269122	79275197	6075
chr4	80888046	80894091	chr4	80888048	80894093	6045
chr4	81302526	81302865	chr4	81302528	81302867	339
chr4	81456481	81456677	chr4	81456481	81456680	199
chr4	81991515	81991836	chr4	81991517	81991838	321
chr4	83179778	83180090	chr4	83179780	83180094	314
chr4	83395508	83395829	chr4	83395510	83395831	321
chr4	84221708	84221993	chr4	84221710	84221995	285
chr4	86660755	86661077	chr4	86660762	86661082	320
chr4	87066353	87066535	chr4	87066354	87066534	180
chr4	87646391	87651943	chr4	87646393	87651945	5552
chr4	89037668	89038004	chr4	89037676	89038013	337
chr4	89681460	89681782	chr4	89681462	89681790	328
chr4	91569665	91569727	chr4	91569664	91569725	61
chr4	92905956	92906016	chr4	92905956	92906018	62
chr4	95498964	95499280	chr4	95498965	95499281	316
chr4	96382454	96382660	chr4	96382448	96382657	209
chr4	97572102	97572421	chr4	97572104	97572423	319
chr4	98110644	98110970	chr4	98110646	98110972	326
chr4	98133375	98133689	chr4	98133498	98133692	194
chr4	98590652	98590970	chr4	98590654	98590972	318
chr4	100070288	100070604	chr4	100070290	100070606	316
chr4	105751867	105752055	chr4	105751871	105752061	190
chr4	107974329	107974487	chr4	107974330	107974487	157
chr4	108127808	108131714	chr4	108127810	108131716	3906
chr4	108276696	108279504	chr4	108276698	108279506	2808
chr4	109107674	109107975	chr4	109107676	109107977	301
chr4	111516319	111516509	chr4	111516322	111516508	186
chr4	113469974	113470281	chr4	113469976	113470283	307
chr4	115624597	115624870	chr4	115624599	115624872	273
chr4	117251478	117251795	chr4	117251480	117251794	314
chr4	119296342	119296678	chr4	119296345	119296685	340
chr4	120017235	120017555	chr4	120017237	120017562	325
chr4	121407647	121407970	chr4	121407649	121407972	323
chr4	124943552	124945186	chr4	124943554	124945188	1634
chr4	125867361	125867690	chr4	125867363	125867693	330
chr4	130407553	130407671	chr4	130407554	130407668	114
chr4	130590920	130591211	chr4	130590923	130591218	295
chr4	131611192	131611360	chr4	131611194	131611362	168
chr4	133619876	133620182	chr4	133619879	133620185	306
chr4	138966208	138967214	chr4	138966210	138966485	275
chr4	148362894	148362953	chr4	148362900	148362959	59
chr4	149990578	149992577	chr4	149990580	149992579	1999
chr4	150161039	150161381	chr4	150161041	150161383	342
chr4	150951027	150951349	chr4	150951029	150951351	322
chr4	154911876	154911928	chr4	154911880	154911933	53
chr4	155803011	155803090	chr4	155803012	155803091	79
chr4	157002032	157002343	chr4	157002034	157002345	311
chr4	163214323	163214443	chr4	163214349	163214445	96
chr4	163232405	163232714	chr4	163232407	163232717	310
chr4	164658298	164659132	chr4	164658300	164659134	834
chr4	167004316	167004919	chr4	167004317	167004914	597
chr4	167108087	167108429	chr4	167108089	167108431	342
chr4	167412029	167412139	chr4	167412031	167412141	110
chr4	170151075	170151210	chr4	170151077	170151212	135
chr4	170278460	170278881	chr4	170278458	170278881	423
chr4	170808437	170808717	chr4	170808436	170808721	285
chr4	171969683	171969747	chr4	171969684	171969747	63
chr4	173425032	173433520	chr4	173425033	173433520	8487
chr4	175073353	175073412	chr4	175073354	175073412	58
chr4	177869318	177869634	chr4	177869314	177869633	319
chr4	178156827	178157156	chr4	178156826	178157155	329
chr4	180600174	180600258	chr4	180600176	180600260	84
chr4	181317271	181317454	chr4	181317273	181317456	183
chr4	184303686	184304009	chr4	184303682	184304001	319
chr4	184632824	184632914	chr4	184632824	184632914	90
chr4	184661402	184661465	chr4	184661404	184661467	63
chr4	185665771	185666089	chr4	185665774	185666090	316
chr4	186155540	186155851	chr4	186155542	186155853	311
chr4	187614516	187614844	chr4	187614518	187614846	328
chr4	187795697	187796017	chr4	187795699	187796032	333
chr4	188959366	188959488	chr4	188959368	188959490	122
chr4	189428681	189428741	chr4	189428683	189428743	60
chr4	189793239	189793558	chr4	189793241	189793560	319
chr4	189969676	189970030	chr4	189969678	189970032	354
chr4	190057998	190064272	chr4	190058000	190064274	6274
chr4	190253838	190254160	chr4	190253838	190254162	324
chr4	190624639	190624986	chr4	190624641	190624987	346
chr5	608881	608931	chr5	608888	608938	50
chr5	1170374	1170858	chr5	1170376	1170514	138
chr5	1276769	1276822	chr5	1276758	1276811	53
chr5	1682463	1682775	chr5	1682465	1682779	314
chr5	1924590	1925202	chr5	1924581	1925200	619
chr5	1968395	1971583	chr5	1968397	1971585	3188
chr5	2769423	2769640	chr5	2769418	2769640	222
chr5	3141455	3141549	chr5	3141433	3141534	101
chr5	3499261	3499582	chr5	3499263	3499585	322
chr5	3502313	3502641	chr5	3502315	3502643	328
chr5	4459411	4459482	chr5	4459413	4459484	71
chr5	7221928	7222248	chr5	7221929	7222248	319
chr5	9162576	9162684	chr5	9162574	9162682	108
chr5	9400610	9400880	chr5	9400612	9400882	270
chr5	9411760	9412074	chr5	9411760	9412080	320
chr5	9990098	9990311	chr5	9990100	9990313	213
chr5	10005264	10005565	chr5	10005264	10005566	302
chr5	11339025	11339349	chr5	11339027	11339351	324
chr5	12769656	12769710	chr5	12769658	12769712	54
chr5	13399958	13400032	chr5	13399958	13400035	77
chr5	13416591	13422853	chr5	13416593	13422855	6262
chr5	13895082	13895379	chr5	13895084	13895381	297
chr5	16167065	16167121	chr5	16167056	16167112	56
chr5	18171827	18171889	chr5	18171829	18171891	62
chr5	24091607	24091932	chr5	24091609	24091934	325
chr5	25777306	25777630	chr5	25777306	25777636	330
chr5	26111186	26111512	chr5	26111192	26111515	323
chr5	26653902	26653966	chr5	26653903	26653967	64
chr5	29868965	29869036	chr5	29868956	29869020	64
chr5	31677424	31677745	chr5	31677427	31677749	322
chr5	33355563	33355894	chr5	33355565	33355896	331
chr5	34991465	34991518	chr5	34991467	34991521	54
chr5	38134461	38134533	chr5	38134424	38134489	65
chr5	40697153	40697253	chr5	40697134	40697234	100
chr5	43523637	43523692	chr5	43523639	43523694	55
chr5	45004820	45014528	chr5	45004821	45014528	9707
chr5	46001553	46001629	chr5	46001555	46001631	76
chr5	49428664	49430878	chr5	49427261	49432029	4768
chr5	49429106	49436770	chr5	49432282	49434837	2555
chr5	49429106	49436770	chr5	49434541	49437095	2554
chr5	49429106	49436770	chr5	49427261	49432029	4768
chr5	49429163	49436826	chr5	49432282	49434837	2555
chr5	49429163	49436826	chr5	49434541	49437095	2554
chr5	49429163	49436826	chr5	49427261	49432029	4768
chr5	49429187	49436850	chr5	49432282	49434837	2555
chr5	49429187	49436850	chr5	49434541	49437095	2554
chr5	49429187	49436850	chr5	49427261	49432029	4768
chr5	49429234	49436897	chr5	49432282	49434837	2555
chr5	49429234	49436897	chr5	49434541	49437095	2554
chr5	49429234	49436897	chr5	49427261	49432029	4768
chr5	49429319	49436982	chr5	49432282	49434837	2555
chr5	49429319	49436982	chr5	49434541	49437095	2554
chr5	49429319	49436982	chr5	49427261	49432029	4768
chr5	49429393	49437056	chr5	49432282	49434837	2555
chr5	49429393	49437056	chr5	49434541	49437095	2554
chr5	49429393	49437056	chr5	49427261	49432029	4768
chr5	49429420	49437083	chr5	49432282	49434837	2555
chr5	49429420	49437083	chr5	49434541	49437095	2554
chr5	49429420	49437083	chr5	49427261	49432029	4768
chr5	49429542	49437205	chr5	49432282	49434837	2555
chr5	49429542	49437205	chr5	49434541	49437095	2554
chr5	49429542	49437205	chr5	49427261	49432029	4768
chr5	49429639	49437131	chr5	49432282	49434837	2555
chr5	49429639	49437131	chr5	49434541	49437095	2554
chr5	49429639	49437131	chr5	49427261	49432029	4768
chr5	49430029	49435991	chr5	49432282	49434837	2555
chr5	49430029	49435991	chr5	49434541	49437095	2554
chr5	49430029	49435991	chr5	49427261	49432029	4768
chr5	49436112	49436452	chr5	49436127	49436503	376
chr5	53176928	53177233	chr5	53176933	53177236	303
chr5	53755531	53755619	chr5	53755533	53755621	88
chr5	57679992	57686101	chr5	57679989	57686098	6109
chr5	57679992	57686101	chr5	57679994	57686103	6109
chr5	57923170	57923343	chr5	57923172	57923345	173
chr5	58496046	58496110	chr5	58496053	58496147	94
chr5	61293626	61293952	chr5	61293628	61293954	326
chr5	62704438	62704761	chr5	62704447	62704766	319
chr5	68105932	68106026	chr5	68105929	68106025	96
chr5	73648985	73649303	chr5	73648988	73649308	320
chr5	75435663	75435781	chr5	75435665	75435783	118
chr5	77105218	77105548	chr5	77105224	77105552	328
chr5	77574166	77574456	chr5	77574168	77574458	290
chr5	77880804	77881127	chr5	77880805	77881130	325
chr5	78277726	78278045	chr5	78277732	78278054	322
chr5	79557188	79557502	chr5	79557190	79557504	314
chr5	80039371	80039680	chr5	80039373	80039683	310
chr5	81008164	81008437	chr5	81008166	81008439	273
chr5	82482756	82483062	chr5	82482760	82483065	305
chr5	82906058	82906377	chr5	82906060	82906379	319
chr5	83614991	83615339	chr5	83614993	83615341	348
chr5	88032012	88032342	chr5	88032014	88032344	330
chr5	88043138	88043466	chr5	88043133	88043461	328
chr5	89860421	89860742	chr5	89860421	89860744	323
chr5	91480774	91481128	chr5	91480768	91481122	354
chr5	93916283	93916620	chr5	93916284	93916621	337
chr5	97401561	97402760	chr5	97401564	97402463	899
chr5	102163354	102163607	chr5	102163358	102163614	256
chr5	103030554	103030879	chr5	103030556	103030881	325
chr5	103062314	103062626	chr5	103062304	103062609	305
chr5	104877052	104877141	chr5	104877053	104877142	89
chr5	110694942	110695264	chr5	110694941	110695266	325
chr5	114756498	114757889	chr5	114756489	114757882	1393
chr5	115894136	115894457	chr5	115894138	115894459	321
chr5	116254334	116254418	chr5	116254336	116254420	84
chr5	116428182	116428500	chr5	116428189	116428505	316
chr5	121059231	121060010	chr5	121059231	121059491	260
chr5	122274354	122274677	chr5	122274342	122274666	324
chr5	122723707	122723763	chr5	122723708	122723764	56
chr5	124484339	124484391	chr5	124484341	124484393	52
chr5	124717345	124717667	chr5	124717345	124717667	322
chr5	125841117	125841327	chr5	125841119	125841329	210
chr5	127172330	127173280	chr5	127173000	127173289	289
chr5	129729020	129729172	chr5	129729015	129729166	151
chr5	132918964	132924990	chr5	132918966	132924992	6026
chr5	137022562	137023886	chr5	137022571	137022995	424
chr5	137022562	137023886	chr5	137023500	137023895	395
chr5	137873610	137873998	chr5	137873611	137873993	382
chr5	141459200	141459505	chr5	141459201	141459498	297
chr5	144871904	144872805	chr5	144872500	144872818	318
chr5	146639711	146639782	chr5	146639723	146639794	71
chr5	149148165	149148237	chr5	149148167	149148239	72
chr5	149463927	149464030	chr5	149463939	149464034	95
chr5	149746191	149746517	chr5	149746195	149746522	327
chr5	151456413	151462447	chr5	151456415	151462449	6034
chr5	154315917	154316002	chr5	154315918	154316004	86
chr5	158592397	158592742	chr5	158592394	158592742	348
chr5	159742556	159742662	chr5	159742558	159742664	106
chr5	160431305	160431636	chr5	160431304	160431637	333
chr5	164366297	164366607	chr5	164366299	164366609	310
chr5	166402762	166403630	chr5	166402811	166402987	176
chr5	166402762	166403630	chr5	166403072	166403629	557
chr5	168394430	168394743	chr5	168394430	168394745	315
chr5	170158817	170158906	chr5	170158819	170158908	89
chr5	171514606	171514931	chr5	171514597	171514922	325
chr5	172145637	172145727	chr5	172145639	172145729	90
chr5	172889713	172890046	chr5	172889721	172890052	331
chr5	173607093	173607413	chr5	173607095	173607415	320
chr5	176387579	176390180	chr5	176387581	176390182	2601
chr5	178012470	178012657	chr5	178012497	178012560	63
chr5	179067157	179067668	chr5	179066663	179068151	1488
chr5	179067157	179067668	chr5	179067162	179067668	506
chr5	179120333	179120467	chr5	179120335	179120469	134
chr5	180569233	180569978	chr5	180569233	180569491	258
chr6	666376	667821	chr6	667261	667795	534
chr6	1682791	1683102	chr6	1682793	1683107	314
chr6	2605520	2605580	chr6	2605492	2605548	56
chr6	4050241	4050560	chr6	4050242	4050561	319
chr6	5037249	5039186	chr6	5037244	5039169	1925
chr6	7717367	7717702	chr6	7717367	7717704	337
chr6	9460377	9460714	chr6	9460378	9460710	332
chr6	10070792	10071105	chr6	10070789	10071101	312
chr6	10264422	10265264	chr6	10264425	10265120	695
chr6	10293995	10294140	chr6	10293985	10294133	148
chr6	11444339	11444651	chr6	11444344	11444658	314
chr6	11556091	11556411	chr6	11556093	11556413	320
chr6	11616273	11616404	chr6	11616275	11616406	131
chr6	11801512	11801562	chr6	11801514	11801564	50
chr6	11903436	11903748	chr6	11903436	11903753	317
chr6	13882549	13883852	chr6	13882550	13882999	449
chr6	13882549	13883852	chr6	13883500	13883854	354
chr6	14745285	14745697	chr6	14745286	14745674	388
chr6	19423602	19423836	chr6	19423604	19423838	234
chr6	20765366	20765686	chr6	20765367	20765691	324
chr6	22227472	22227754	chr6	22227473	22227756	283
chr6	22501806	22501905	chr6	22501808	22501907	99
chr6	23300362	23300684	chr6	23300364	23300686	322
chr6	24811875	24817950	chr6	24811930	24818204	6274
chr6	26743880	26745173	chr6	26743908	26744237	329
chr6	35626432	35629744	chr6	35626434	35629746	3312
chr6	38922187	38922502	chr6	38922189	38922504	315
chr6	41404060	41404383	chr6	41404062	41404385	323
chr6	41953350	41953665	chr6	41953344	41953650	306
chr6	42569618	42569779	chr6	42569620	42569781	161
chr6	45967458	45967785	chr6	45967461	45967789	328
chr6	50765956	50766267	chr6	50765955	50766268	313
chr6	51256286	51256602	chr6	51256286	51256604	318
chr6	51517349	51517675	chr6	51517351	51517677	326
chr6	51736109	51736804	chr6	51736109	51736805	696
chr6	53037878	53037949	chr6	53037879	53037946	67
chr6	54556435	54556770	chr6	54556437	54556773	336
chr6	56758346	56760946	chr6	56758348	56760948	2600
chr6	57351088	57351150	chr6	57351093	57351155	62
chr6	57423068	57429120	chr6	57423070	57429122	6052
chr6	57478148	57478855	chr6	57478150	57478857	707
chr6	57481656	57481710	chr6	57481645	57481697	52
chr6	58777030	58778562	chr6	58777938	58778285	347
chr6	58777107	58778470	chr6	58777938	58778285	347
chr6	58777158	58778690	chr6	58777938	58778285	347
chr6	58777167	58778699	chr6	58777938	58778285	347
chr6	58777329	58778691	chr6	58777938	58778285	347
chr6	58778078	58778418	chr6	58777938	58778285	347
chr6	58778686	58779025	chr6	58778835	58779345	510
chr6	58778763	58779100	chr6	58778835	58779345	510
chr6	58778933	58779439	chr6	58778835	58779345	510
chr6	58779024	58779531	chr6	58778835	58779345	510
chr6	62200414	62206526	chr6	62200428	62206540	6112
chr6	62665366	62665434	chr6	62665365	62665433	68
chr6	65006421	65006515	chr6	65006423	65006517	94
chr6	66260027	66262021	chr6	66260029	66262023	1994
chr6	66274841	66275165	chr6	66274840	66275169	329
chr6	68353222	68353507	chr6	68353224	68353509	285
chr6	74156152	74156477	chr6	74156154	74156478	324
chr6	74865448	74866619	chr6	74865435	74866586	1151
chr6	75957783	75958102	chr6	75957781	75958110	329
chr6	76746504	76746583	chr6	76746503	76746580	77
chr6	77920099	77920410	chr6	77920101	77920412	311
chr6	85318143	85324220	chr6	85318145	85324222	6077
chr6	85771750	85771807	chr6	85771752	85771809	57
chr6	86026352	86026667	chr6	86026354	86026670	316
chr6	89424152	89424460	chr6	89424154	89424462	308
chr6	91237575	91237896	chr6	91237577	91237898	321
chr6	92289320	92289383	chr6	92289322	92289385	63
chr6	92910652	92910975	chr6	92910654	92910977	323
chr6	94397505	94397566	chr6	94397507	94397568	61
chr6	94544494	94544558	chr6	94544476	94544543	67
chr6	94657363	94657530	chr6	94657362	94657532	170
chr6	95193322	95194336	chr6	95194002	95194338	336
chr6	95400827	95400922	chr6	95400829	95400924	95
chr6	97160230	97160403	chr6	97160258	97160404	146
chr6	100034501	100035321	chr6	100034999	100035325	326
chr6	100260129	100260279	chr6	100260130	100260279	149
chr6	100297524	100297574	chr6	100297526	100297576	50
chr6	102815122	102815813	chr6	102815123	102815811	688
chr6	104183184	104183509	chr6	104183188	104183510	322
chr6	105221951	105222264	chr6	105221953	105222265	312
chr6	105567837	105568172	chr6	105567843	105568178	335
chr6	106983622	106983941	chr6	106983624	106983943	319
chr6	108266112	108266415	chr6	108266114	108266418	304
chr6	112203850	112204168	chr6	112203842	112204167	325
chr6	116750813	116751132	chr6	116750817	116751137	320
chr6	117780555	117780657	chr6	117780555	117780653	98
chr6	119417503	119417831	chr6	119417513	119417833	320
chr6	120119465	120119537	chr6	120119460	120119512	52
chr6	121319292	121319616	chr6	121319293	121319617	324
chr6	122301643	122301962	chr6	122301645	122301964	319
chr6	124498906	124499229	chr6	124498916	124499232	316
chr6	126468007	126468244	chr6	126468010	126468240	230
chr6	128976347	128976564	chr6	128976345	128976567	222
chr6	130959394	130959714	chr6	130959394	130959716	322
chr6	133157235	133157324	chr6	133157237	133157310	73
chr6	133341830	133347896	chr6	133341822	133347888	6066
chr6	134353543	134353609	chr6	134353543	134353609	66
chr6	134817345	134817662	chr6	134817349	134817666	317
chr6	140952890	140953178	chr6	140952891	140953177	286
chr6	145818662	145818760	chr6	145818663	145818761	98
chr6	151513869	151513943	chr6	151513870	151513944	74
chr6	154174422	154174475	chr6	154174424	154174477	53
chr6	154446915	154447237	chr6	154446916	154447240	324
chr6	154686517	154686793	chr6	154686528	154686804	276
chr6	157957840	157958147	chr6	157957841	157958151	310
chr6	159652109	159652422	chr6	159652111	159652424	313
chr6	159666761	159667084	chr6	159666763	159667086	323
chr6	161684136	161684238	chr6	161684138	161684240	102
chr6	163721942	163722041	chr6	163721953	163722047	94
chr6	167418101	167418170	chr6	167418103	167418172	69
chr6	167928591	167928700	chr6	167928592	167928701	109
chr6	169905557	169905650	chr6	169905558	169905642	84
chr6	170465430	170465493	chr6	170465432	170465495	63
chr7	60155	60345	chr7	60157	60347	190
chr7	879152	879455	chr7	879154	879457	303
chr7	904330	904386	chr7	904332	904388	56
chr7	1118557	1118616	chr7	1118559	1118618	59
chr7	1185064	1187654	chr7	1185066	1187656	2590
chr7	3467459	3467519	chr7	3467461	3467523	62
chr7	7108145	7108217	chr7	7108166	7108236	70
chr7	8698628	8698846	chr7	8698630	8698848	218
chr7	8750264	8750591	chr7	8750269	8750599	330
chr7	12281703	12282025	chr7	12281699	12282022	323
chr7	13663189	13663455	chr7	13663191	13663457	266
chr7	14449040	14449361	chr7	14449042	14449363	321
chr7	14451264	14451430	chr7	14451266	14451432	166
chr7	14680853	14680933	chr7	14680855	14680935	80
chr7	14910419	14910737	chr7	14910418	14910738	320
chr7	16936287	16936626	chr7	16936292	16936632	340
chr7	19534687	19534771	chr7	19534716	19534768	52
chr7	22202731	22202839	chr7	22202733	22202841	108
chr7	23095966	23096018	chr7	23095966	23096020	54
chr7	29565365	29565419	chr7	29565367	29565421	54
chr7	30897063	30897362	chr7	30897065	30897364	299
chr7	31070575	31070904	chr7	31070577	31070906	329
chr7	32390151	32393112	chr7	32390153	32393114	2961
chr7	33403531	33403859	chr7	33403533	33403861	328
chr7	33708273	33708407	chr7	33708275	33708409	134
chr7	33898841	33899172	chr7	33898843	33899179	336
chr7	36878879	36878968	chr7	36878881	36878970	89
chr7	37477277	37477604	chr7	37477278	37477607	329
chr7	42549700	42550022	chr7	42549704	42550029	325
chr7	42604622	42604964	chr7	42604624	42604966	342
chr7	44962392	44962718	chr7	44962393	44962724	331
chr7	47895170	47895497	chr7	47895173	47895495	322
chr7	48888383	48888444	chr7	48888385	48888446	61
chr7	51081675	51081733	chr7	51081677	51081735	58
chr7	52094962	52095275	chr7	52094962	52095277	315
chr7	52520171	52520373	chr7	52520173	52520375	202
chr7	57965788	57975175	chr7	57965809	57975196	9387
chr7	57992553	57995796	chr7	57992598	57993271	673
chr7	68462070	68462389	chr7	68462072	68462391	319
chr7	72845968	72846037	chr7	72845976	72846040	64
chr7	73190196	73190548	chr7	73190203	73190547	344
chr7	73828443	73831261	chr7	73828435	73831253	2818
chr7	76607174	76607454	chr7	76607174	76607442	268
chr7	76870542	76870796	chr7	76870544	76870798	254
chr7	77959636	77959960	chr7	77959638	77959962	324
chr7	79742076	79742408	chr7	79742078	79742410	332
chr7	81358337	81358611	chr7	81358335	81358613	278
chr7	81728727	81729064	chr7	81728734	81729070	336
chr7	82946462	82946780	chr7	82946459	82946784	325
chr7	83709861	83710187	chr7	83709865	83710193	328
chr7	86836614	86836923	chr7	86836616	86836925	309
chr7	88091299	88091749	chr7	88091299	88091749	450
chr7	89598872	89599188	chr7	89598870	89599190	320
chr7	90022137	90022454	chr7	90022139	90022456	317
chr7	95386253	95386584	chr7	95386260	95386596	336
chr7	96475886	96481994	chr7	96475888	96481996	6108
chr7	96505545	96505623	chr7	96505547	96505625	78
chr7	96522743	96523071	chr7	96522749	96523079	330
chr7	96894731	96894973	chr7	96894733	96894975	242
chr7	98180245	98180310	chr7	98180237	98180296	59
chr7	101334195	101334515	chr7	101334200	101334513	313
chr7	103463066	103463388	chr7	103463068	103463390	322
chr7	103856434	103856752	chr7	103856436	103856755	319
chr7	104187384	104187715	chr7	104187390	104187722	332
chr7	107524263	107524334	chr7	107524258	107524330	72
chr7	107818074	107818166	chr7	107818071	107818163	92
chr7	108352846	108353171	chr7	108352846	108353172	326
chr7	116842003	116842314	chr7	116842016	116842316	300
chr7	118343800	118344155	chr7	118343801	118344157	356
chr7	125265095	125265426	chr7	125265100	125265431	331
chr7	127620154	127620472	chr7	127620156	127620474	318
chr7	127766414	127766728	chr7	127766419	127766736	317
chr7	128309211	128309529	chr7	128309215	128309528	313
chr7	133107672	133108004	chr7	133107678	133108010	332
chr7	134349999	134350422	chr7	134349994	134350413	419
chr7	136834449	136834751	chr7	136834452	136834755	303
chr7	136851610	136851921	chr7	136851612	136851923	311
chr7	138296441	138297208	chr7	138296443	138297210	767
chr7	138296441	138297208	chr7	138297000	138297215	215
chr7	138742268	138742585	chr7	138742267	138742589	322
chr7	141113863	141114182	chr7	141113865	141114184	319
chr7	142367392	142367723	chr7	142367394	142367731	337
chr7	145499212	145499263	chr7	145499212	145499263	51
chr7	147044512	147044570	chr7	147044514	147044572	58
chr7	151057981	151058125	chr7	151057983	151058127	144
chr7	152281692	152284305	chr7	152281694	152284307	2613
chr7	152319117	152319177	chr7	152319106	152319166	60
chr7	154670982	154671313	chr7	154670981	154671303	322
chr7	154941915	154942244	chr7	154941915	154942246	331
chr7	155725354	155725562	chr7	155725350	155725563	213
chr7	155726663	155726904	chr7	155726640	155726854	214
chr7	155926191	155926284	chr7	155926193	155926286	93
chr7	157047595	157047649	chr7	157047585	157047639	54
chr7	157571139	157571449	chr7	157571121	157571431	310
chr7	157734829	157734885	chr7	157734831	157734887	56
chr7	158217870	158217970	chr7	158217872	158217972	100
chr7	158852412	158852472	chr7	158852414	158852474	60
chr8	155628	155716	chr8	155629	155717	88
chr8	1202306	1202383	chr8	1202308	1202385	77
chr8	2122082	2122346	chr8	2122084	2122348	264
chr8	2148345	2148431	chr8	2148346	2148432	86
chr8	2215334	2216117	chr8	2215403	2215583	180
chr8	4941223	4941520	chr8	4941229	4941526	297
chr8	12528703	12529030	chr8	12528716	12529043	327
chr8	13594464	13594628	chr8	13594466	13594630	164
chr8	15001266	15001586	chr8	15001266	15001590	324
chr8	16546748	16546848	chr8	16546750	16546850	100
chr8	16962206	16962528	chr8	16962213	16962536	323
chr8	18454611	18455944	chr8	18455500	18455947	447
chr8	24972432	24990943	chr8	24972434	24990945	18511
chr8	25204075	25204300	chr8	25204065	25204290	225
chr8	25327221	25327278	chr8	25327222	25327279	57
chr8	27776160	27776214	chr8	27776151	27776205	54
chr8	30392277	30392581	chr8	30392285	30392583	298
chr8	31571241	31571594	chr8	31571243	31571597	354
chr8	39737280	39737510	chr8	39737281	39737507	226
chr8	39765314	39765646	chr8	39765312	39765646	334
chr8	41279328	41279651	chr8	41279330	41279653	323
chr8	42185315	42185627	chr8	42185314	42185629	315
chr8	42190431	42194394	chr8	42190391	42194354	3963
chr8	43816575	43816917	chr8	43816562	43816904	342
chr8	43821566	43822241	chr8	43821544	43821882	338
chr8	43821566	43822241	chr8	43821958	43822296	338
chr8	43822794	43823307	chr8	43822829	43823342	513
chr8	43822827	43823340	chr8	43822829	43823342	513
chr8	46844326	46844497	chr8	46844310	46844481	171
chr8	46844348	46844861	chr8	46844310	46844481	171
chr8	46844357	46844871	chr8	46844310	46844481	171
chr8	46844359	46844872	chr8	46844310	46844481	171
chr8	46846157	46846670	chr8	46846189	46846346	157
chr8	46846194	46846707	chr8	46846189	46846346	157
chr8	46846216	46846729	chr8	46846189	46846346	157
chr8	46849932	46850445	chr8	46849995	46850166	171
chr8	50009190	50009334	chr8	50009191	50009335	144
chr8	52737961	52738284	chr8	52737961	52738286	325
chr8	54971849	54972163	chr8	54971848	54972165	317
chr8	55407139	55407213	chr8	55407141	55407215	74
chr8	56401202	56401518	chr8	56401210	56401522	312
chr8	56967316	56967469	chr8	56967318	56967471	153
chr8	57300204	57300320	chr8	57300202	57300318	116
chr8	59078452	59078788	chr8	59078453	59078789	336
chr8	60179774	60179826	chr8	60179775	60179825	50
chr8	63494347	63494499	chr8	63494359	63494423	64
chr8	68727320	68727652	chr8	68727322	68727655	333
chr8	69097918	69098333	chr8	69097922	69098318	396
chr8	71583555	71584643	chr8	71583561	71584001	440
chr8	72551405	72551739	chr8	72551407	72551741	334
chr8	76126888	76127212	chr8	76126889	76127214	325
chr8	76414046	76414151	chr8	76414048	76414153	105
chr8	83005233	83005682	chr8	83005233	83005678	445
chr8	85955655	85955989	chr8	85955667	85956005	338
chr8	94072327	94077192	chr8	94072344	94077191	4847
chr8	96345249	96345387	chr8	96345257	96345395	138
chr8	97098073	97098425	chr8	97098075	97098427	352
chr8	97800063	97800131	chr8	97800064	97800128	64
chr8	98595392	98595731	chr8	98595390	98595730	340
chr8	98783448	98783780	chr8	98783457	98783786	329
chr8	103441466	103441875	chr8	103441470	103441885	415
chr8	106670518	106670838	chr8	106670520	106670840	320
chr8	107511093	107511418	chr8	107511095	107511420	325
chr8	109730161	109730486	chr8	109730163	109730488	325
chr8	110234719	110235052	chr8	110234717	110235048	331
chr8	110510307	110510629	chr8	110510310	110510631	321
chr8	112168225	112168578	chr8	112168228	112168580	352
chr8	113085423	113085753	chr8	113085420	113085751	331
chr8	114934392	114934682	chr8	114934390	114934684	294
chr8	115079315	115080676	chr8	115079316	115080674	1358
chr8	117399810	117399996	chr8	117399811	117399993	182
chr8	118223529	118223809	chr8	118223531	118223811	280
chr8	121854743	121855061	chr8	121854748	121855065	317
chr8	121930605	121930713	chr8	121930606	121930714	108
chr8	124654292	124654359	chr8	124654293	124654353	60
chr8	126336797	126337114	chr8	126336799	126337119	320
chr8	126595121	126601134	chr8	126595123	126601136	6013
chr8	127248960	127249282	chr8	127248956	127249279	323
chr8	129465153	129471266	chr8	129465155	129471268	6113
chr8	129762519	129766026	chr8	129762521	129766028	3507
chr8	131791954	131792015	chr8	131791962	131792026	64
chr8	132168283	132168596	chr8	132168287	132168599	312
chr8	137160195	137163898	chr8	137160197	137163900	3703
chr8	138200162	138200407	chr8	138200164	138200409	245
chr8	138860548	138860872	chr8	138860550	138860874	324
chr8	140475258	140475590	chr8	140475259	140475594	335
chr8	144603554	144603619	chr8	144603557	144603622	65
chr8	144700484	144714692	chr8	144700486	144714694	14208
chr8	144723602	144723934	chr8	144723605	144723938	333
chr8	145234823	145234878	chr8	145234825	145234880	55
chr8	146042931	146043066	chr8	146042935	146043068	133
chr8	146192869	146193199	chr8	146192868	146193180	312
chr9	3780616	3780942	chr9	3780618	3780944	326
chr9	4346658	4346969	chr9	4346660	4346971	311
chr9	6888773	6889087	chr9	6888771	6889088	317
chr9	7371803	7372116	chr9	7371804	7372121	317
chr9	10404561	10405091	chr9	10404563	10405092	529
chr9	10498740	10499050	chr9	10498745	10499057	312
chr9	10828091	10828426	chr9	10828093	10828428	335
chr9	11433120	11433435	chr9	11433120	11433425	305
chr9	15394880	15395196	chr9	15394873	15395192	319
chr9	15815306	15821940	chr9	15815708	15822329	6621
chr9	16389394	16389730	chr9	16389394	16389732	338
chr9	18286560	18286739	chr9	18286561	18286739	178
chr9	18751826	18752116	chr9	18751827	18752122	295
chr9	22999487	22999819	chr9	22999489	22999821	332
chr9	23075120	23075438	chr9	23075114	23075430	316
chr9	27670560	27670625	chr9	27670562	27670627	65
chr9	27788196	27788307	chr9	27788197	27788308	111
chr9	28584919	28585011	chr9	28584925	28585013	88
chr9	29624691	29625012	chr9	29624701	29625022	321
chr9	36341806	36341864	chr9	36341792	36341850	58
chr9	44764648	44764728	chr9	44764663	44764726	63
chr9	66802281	66833906	chr9	66819597	66826591	6994
chr9	66802281	66833906	chr9	66803041	66814991	11950
chr9	66802281	66833906	chr9	66808649	66815307	6658
chr9	66812554	66833767	chr9	66817717	66823514	5797
chr9	66812554	66833767	chr9	66819597	66826591	6994
chr9	66851323	66851493	chr9	66851175	66851858	683
chr9	68418804	68418897	chr9	68418829	68419042	213
chr9	68418804	68418933	chr9	68418829	68419042	213
chr9	68422737	68423811	chr9	68422729	68423803	1074
chr9	70000793	70010017	chr9	69998387	70005045	6658
chr9	70000793	70010017	chr9	70001105	70004007	2902
chr9	70002286	70005704	chr9	69998387	70005045	6658
chr9	70002286	70005704	chr9	70001105	70004007	2902
chr9	71665323	71665557	chr9	71665326	71665556	230
chr9	71703145	71703465	chr9	71703147	71703467	320
chr9	75669517	75669796	chr9	75669519	75669798	279
chr9	78262256	78262317	chr9	78262258	78262319	61
chr9	79124512	79124828	chr9	79124514	79124830	316
chr9	83630437	83630750	chr9	83630438	83630751	313
chr9	83967917	83970683	chr9	83967919	83970685	2766
chr9	90858983	90860963	chr9	90858985	90860965	1980
chr9	91501994	91502058	chr9	91501994	91502053	59
chr9	93883362	93883684	chr9	93883362	93883689	327
chr9	95687616	95687670	chr9	95687618	95687672	54
chr9	101347985	101348316	chr9	101347987	101348318	331
chr9	104219695	104220378	chr9	104220000	104220388	388
chr9	105162485	105162668	chr9	105162483	105162667	184
chr9	110537520	110540595	chr9	110537522	110540598	3076
chr9	112430200	112430515	chr9	112430206	112430520	314
chr9	114674185	114674242	chr9	114674187	114674244	57
chr9	114902342	114902657	chr9	114902344	114902659	315
chr9	115264645	115264736	chr9	115264646	115264730	84
chr9	115937084	115937379	chr9	115937086	115937381	295
chr9	117363974	117364050	chr9	117363969	117364044	75
chr9	118109642	118109987	chr9	118109644	118109990	346
chr9	121371514	121371569	chr9	121371516	121371571	55
chr9	122531834	122532152	chr9	122531836	122532154	318
chr9	124642001	124642134	chr9	124642003	124642137	134
chr9	132026685	132028069	chr9	132026690	132026989	299
chr9	135296997	135297073	chr9	135296992	135297066	74
chr9	136060715	136061032	chr9	136060719	136061035	316
chr9	136379210	136379552	chr9	136379211	136379553	342
chr9	136414101	136414425	chr9	136414103	136414427	324
chr9	136625194	136626267	chr9	136626018	136626255	237
chr9	136761039	136761267	chr9	136761041	136761269	228
chr9	136847521	136847577	chr9	136847523	136847579	56
chr9	137690415	137690499	chr9	137690416	137690497	81
chr9	138207941	138208001	chr9	138207940	138208002	62
chr9	138479100	138480199	chr9	138479872	138480214	342
chr10	685341	685439	chr10	685343	685441	98
chr10	829773	830444	chr10	829745	830417	672
chr10	1260013	1260069	chr10	1260015	1260071	56
chr10	2379470	2379797	chr10	2379473	2379804	331
chr10	3449200	3449251	chr10	3449202	3449253	51
chr10	3721546	3721605	chr10	3721545	3721604	59
chr10	4290062	4291682	chr10	4290064	4290488	424
chr10	5248653	5248756	chr10	5248655	5248758	103
chr10	5287299	5293345	chr10	5287301	5293347	6046
chr10	5889559	5892817	chr10	5889561	5892819	3258
chr10	6097370	6097868	chr10	6097373	6097875	502
chr10	6411563	6417629	chr10	6411565	6417631	6066
chr10	7793788	7794038	chr10	7793814	7794035	221
chr10	8781978	8782307	chr10	8781965	8782297	332
chr10	9097749	9097799	chr10	9097750	9097800	50
chr10	9436189	9436251	chr10	9436190	9436252	62
chr10	10493409	10493732	chr10	10493412	10493739	327
chr10	11484966	11485147	chr10	11484962	11485148	186
chr10	13258008	13258320	chr10	13258010	13258323	313
chr10	14936348	14936665	chr10	14936356	14936675	319
chr10	15532464	15532774	chr10	15532467	15532776	309
chr10	18503075	18503589	chr10	18503090	18503608	518
chr10	20667245	20667565	chr10	20667238	20667557	319
chr10	20824450	20824567	chr10	20824450	20824567	117
chr10	22798711	22798761	chr10	22798713	22798763	50
chr10	24376837	24378441	chr10	24377992	24378435	443
chr10	25035186	25035282	chr10	25035188	25035284	96
chr10	25098081	25098419	chr10	25098083	25098421	338
chr10	26767941	26768247	chr10	26767937	26768246	309
chr10	29712145	29712720	chr10	29712147	29712721	574
chr10	32705726	32706064	chr10	32705723	32706065	342
chr10	33097530	33097589	chr10	33097532	33097591	59
chr10	35593206	35593536	chr10	35593208	35593537	329
chr10	42395248	42395597	chr10	42395461	42395795	334
chr10	42395278	42395627	chr10	42395461	42395795	334
chr10	42395675	42395750	chr10	42395461	42395795	334
chr10	42395676	42395751	chr10	42395461	42395795	334
chr10	42399725	42408249	chr10	42406143	42408010	1867
chr10	42400420	42408379	chr10	42406143	42408010	1867
chr10	42404564	42408291	chr10	42406143	42408010	1867
chr10	42596840	42599269	chr10	42598526	42601768	3242
chr10	42596918	42599812	chr10	42598526	42601768	3242
chr10	42596927	42599356	chr10	42598526	42601768	3242
chr10	42596942	42599836	chr10	42598526	42601768	3242
chr10	42596958	42599852	chr10	42598526	42601768	3242
chr10	42596963	42599857	chr10	42598526	42601768	3242
chr10	42596985	42599879	chr10	42598526	42601768	3242
chr10	42596988	42599883	chr10	42598526	42601768	3242
chr10	42597006	42599900	chr10	42598526	42601768	3242
chr10	42597069	42599495	chr10	42598526	42601768	3242
chr10	42597083	42599977	chr10	42598526	42601768	3242
chr10	42597084	42599611	chr10	42598526	42601768	3242
chr10	42597091	42599618	chr10	42598526	42601768	3242
chr10	42597095	42600012	chr10	42598526	42601768	3242
chr10	42597102	42600006	chr10	42598526	42601768	3242
chr10	42597106	42600000	chr10	42598526	42601768	3242
chr10	42597108	42599534	chr10	42598526	42601768	3242
chr10	42597112	42600006	chr10	42598526	42601768	3242
chr10	42597116	42599916	chr10	42598526	42601768	3242
chr10	42597124	42599550	chr10	42598526	42601768	3242
chr10	42597125	42599551	chr10	42598526	42601768	3242
chr10	42597130	42599566	chr10	42598526	42601768	3242
chr10	42597140	42599566	chr10	42598526	42601768	3242
chr10	42597144	42601261	chr10	42598526	42601768	3242
chr10	42597146	42599725	chr10	42598526	42601768	3242
chr10	42597154	42599606	chr10	42598526	42601768	3242
chr10	42597159	42599611	chr10	42598526	42601768	3242
chr10	42597160	42600054	chr10	42598526	42601768	3242
chr10	42597164	42600059	chr10	42598526	42601768	3242
chr10	42597171	42600091	chr10	42598526	42601768	3242
chr10	42597178	42599630	chr10	42598526	42601768	3242
chr10	42597185	42600105	chr10	42598526	42601768	3242
chr10	42597188	42600131	chr10	42598526	42601768	3242
chr10	42597202	42599628	chr10	42598526	42601768	3242
chr10	42597360	42600254	chr10	42598526	42601768	3242
chr10	42597387	42600281	chr10	42598526	42601768	3242
chr10	42597413	42600307	chr10	42598526	42601768	3242
chr10	42597577	42599995	chr10	42598526	42601768	3242
chr10	42597589	42600007	chr10	42598526	42601768	3242
chr10	42597600	42599550	chr10	42598526	42601768	3242
chr10	42598092	42599628	chr10	42598526	42601768	3242
chr10	42598145	42599655	chr10	42598526	42601768	3242
chr10	42598146	42599604	chr10	42598526	42601768	3242
chr10	42598172	42599708	chr10	42598526	42601768	3242
chr10	42598189	42599725	chr10	42598526	42601768	3242
chr10	42598198	42599734	chr10	42598526	42601768	3242
chr10	42598214	42599285	chr10	42598526	42601768	3242
chr10	42598257	42599793	chr10	42598526	42601768	3242
chr10	42598381	42599305	chr10	42598526	42601768	3242
chr10	42598516	42599566	chr10	42598526	42601768	3242
chr10	42598553	42599603	chr10	42598526	42601768	3242
chr10	42598882	42599580	chr10	42598526	42601768	3242
chr10	42598882	42599733	chr10	42598526	42601768	3242
chr10	42598888	42599739	chr10	42598526	42601768	3242
chr10	42599209	42599915	chr10	42598526	42601768	3242
chr10	42661729	42666569	chr10	42663620	42667548	3928
chr10	42661894	42667186	chr10	42663620	42667548	3928
chr10	42662266	42667012	chr10	42663620	42667548	3928
chr10	42662519	42667302	chr10	42663620	42667548	3928
chr10	42664958	42667228	chr10	42663620	42667548	3928
chr10	43274200	43274532	chr10	43274202	43274539	337
chr10	44675233	44675325	chr10	44675235	44675327	92
chr10	44901298	44901606	chr10	44901305	44901611	306
chr10	47088375	47088703	chr10	47088375	47088706	331
chr10	49917156	49917479	chr10	49917158	49917481	323
chr10	53578470	53578799	chr10	53578472	53578800	328
chr10	54441196	54441513	chr10	54441204	54441523	319
chr10	54783542	54788829	chr10	54783543	54788829	5286
chr10	56682778	56684358	chr10	56683999	56684361	362
chr10	58863547	58863866	chr10	58863549	58863868	319
chr10	59015217	59015559	chr10	59015218	59015562	344
chr10	61365481	61365800	chr10	61365483	61365805	322
chr10	66684456	66684530	chr10	66684458	66684534	76
chr10	70634324	70634436	chr10	70634326	70634438	112
chr10	70998108	70998431	chr10	70998111	70998434	323
chr10	73824656	73824960	chr10	73824658	73824962	304
chr10	78800902	78801221	chr10	78800902	78801226	324
chr10	81176903	81177136	chr10	81176897	81177131	234
chr10	81188111	81188227	chr10	81188149	81188229	80
chr10	84237972	84238465	chr10	84237974	84238467	493
chr10	84400756	84400905	chr10	84400758	84400907	149
chr10	85626217	85626424	chr10	85626223	85626430	207
chr10	88666175	88666515	chr10	88666169	88666509	340
chr10	91547384	91547720	chr10	91547387	91547720	333
chr10	92461854	92465629	chr10	92461858	92465626	3768
chr10	92969225	92969563	chr10	92969219	92969557	338
chr10	94134599	94137653	chr10	94134618	94137646	3028
chr10	96251541	96251717	chr10	96251543	96251719	176
chr10	99034863	99037397	chr10	99034865	99037399	2534
chr10	104645247	104645586	chr10	104645255	104645593	338
chr10	106593336	106593414	chr10	106593338	106593416	78
chr10	107950682	107951595	chr10	107950685	107950989	304
chr10	108030318	108032543	chr10	108030318	108032542	2224
chr10	111572110	111578216	chr10	111572112	111578218	6106
chr10	113358990	113359042	chr10	113358992	113359044	52
chr10	114157784	114158122	chr10	114157793	114158130	337
chr10	117711616	117712002	chr10	117711618	117712007	389
chr10	119634274	119634605	chr10	119634275	119634611	336
chr10	121046814	121046865	chr10	121046816	121046867	51
chr10	125378941	125379014	chr10	125378942	125379005	63
chr10	128106472	128106786	chr10	128106474	128106790	316
chr10	129565302	129565608	chr10	129565304	129565610	306
chr10	130836871	130837274	chr10	130836869	130837273	404
chr10	132372179	132372324	chr10	132372181	132372327	146
chr10	132858471	132858820	chr10	132858469	132858820	351
chr10	132988684	132991208	chr10	132988698	132991179	2481
chr10	133162044	133162098	chr10	133162046	133162100	54
chr10	133260759	133260815	chr10	133260736	133260792	56
chr10	135104740	135105438	chr10	135104742	135104976	234
chr10	135469670	135469738	chr10	135469669	135469737	68
chr11	1142060	1142114	chr11	1142060	1142114	54
chr11	2215311	2215565	chr11	2215345	2215599	254
chr11	2215311	2215565	chr11	2215421	2215589	168
chr11	4802521	4802832	chr11	4802523	4802834	311
chr11	5106964	5107211	chr11	5106961	5107212	251
chr11	6600865	6601075	chr11	6601002	6601071	69
chr11	7716903	7717219	chr11	7716909	7717226	317
chr11	8326057	8326195	chr11	8326059	8326197	138
chr11	9338352	9338621	chr11	9338353	9338624	271
chr11	14348310	14348626	chr11	14348317	14348630	313
chr11	16587158	16587294	chr11	16587163	16587299	136
chr11	16597563	16597886	chr11	16597565	16597888	323
chr11	16905547	16905600	chr11	16905549	16905602	53
chr11	18165198	18165285	chr11	18165200	18165287	87
chr11	21789070	21789131	chr11	21789072	21789133	61
chr11	27657263	27657595	chr11	27657263	27657596	333
chr11	32286640	32286973	chr11	32286642	32286975	333
chr11	33537672	33537995	chr11	33537676	33538002	326
chr11	33659950	33660011	chr11	33659949	33660009	60
chr11	37448804	37448896	chr11	37448806	37448898	92
chr11	37666630	37666937	chr11	37666634	37666941	307
chr11	39785905	39785974	chr11	39785907	39785976	69
chr11	39805114	39805449	chr11	39805116	39805451	335
chr11	41007018	41007340	chr11	41007020	41007342	322
chr11	43891829	43892165	chr11	43891831	43892170	339
chr11	44523361	44523413	chr11	44523363	44523415	52
chr11	46036235	46036582	chr11	46036240	46036593	353
chr11	47887667	47888194	chr11	47887668	47888182	514
chr11	48120061	48120370	chr11	48120063	48120372	309
chr11	48446814	48447110	chr11	48446816	48447115	299
chr11	48690002	48690171	chr11	48690012	48690173	161
chr11	48814066	48814237	chr11	48814068	48814239	171
chr11	48928944	48929255	chr11	48928940	48929253	313
chr11	48944698	48945369	chr11	48944625	48945320	695
chr11	48945681	48963896	chr11	48955824	48961972	6148
chr11	49425081	49425416	chr11	49425083	49425418	335
chr11	50745872	50753642	chr11	50748110	50749736	1626
chr11	50745874	50753644	chr11	50748110	50749736	1626
chr11	58220607	58220934	chr11	58220597	58220925	328
chr11	60851830	60853892	chr11	60851831	60853893	2062
chr11	61107785	61108124	chr11	61107785	61108122	337
chr11	61944787	61945085	chr11	61944788	61945088	300
chr11	64268439	64268499	chr11	64268441	64268502	61
chr11	68797613	68797713	chr11	68797615	68797715	100
chr11	71861597	71861912	chr11	71861599	71861914	315
chr11	74145057	74145404	chr11	74145059	74145406	347
chr11	74532404	74532723	chr11	74532406	74532726	320
chr11	86964674	86964726	chr11	86964676	86964728	52
chr11	89932513	89932852	chr11	89932515	89932854	339
chr11	92869786	92875850	chr11	92869776	92875840	6064
chr11	93021139	93022160	chr11	93021139	93021492	353
chr11	93102800	93103118	chr11	93102801	93103123	322
chr11	95169379	95175431	chr11	95169371	95175423	6052
chr11	96233119	96233431	chr11	96233121	96233433	312
chr11	96614759	96615086	chr11	96614769	96615094	325
chr11	97131929	97132025	chr11	97131922	97132011	89
chr11	99276322	99276662	chr11	99276324	99276664	340
chr11	100438650	100438795	chr11	100438652	100438797	145
chr11	101416772	101417102	chr11	101416771	101417104	333
chr11	102471846	102472162	chr11	102471847	102472165	318
chr11	103410821	103411134	chr11	103410821	103411136	315
chr11	104010473	104010817	chr11	104010468	104010819	351
chr11	104180380	104180723	chr11	104180381	104180724	343
chr11	105723492	105723823	chr11	105723492	105723821	329
chr11	106595867	106596164	chr11	106595866	106596169	303
chr11	109930919	109930994	chr11	109930921	109930996	75
chr11	109976699	109977025	chr11	109976705	109977029	324
chr11	115665946	115665998	chr11	115665936	115665988	52
chr11	122347576	122349280	chr11	122347578	122349282	1704
chr11	124830138	124830246	chr11	124830140	124830248	108
chr11	125719438	125719592	chr11	125719437	125719594	157
chr11	134431774	134431829	chr11	134431776	134431831	55
chr12	240152	240208	chr12	240154	240210	56
chr12	6907383	6907639	chr12	6907374	6907632	258
chr12	7832826	7832950	chr12	7832828	7832952	124
chr12	11258524	11258838	chr12	11258526	11258840	314
chr12	11288103	11288156	chr12	11288105	11288158	53
chr12	12026415	12027153	chr12	12027000	12027157	157
chr12	14258601	14258932	chr12	14258603	14258934	331
chr12	17894161	17894388	chr12	17894128	17894369	241
chr12	20862519	20862857	chr12	20862521	20862859	338
chr12	21775415	21775734	chr12	21775416	21775733	317
chr12	22047473	22047575	chr12	22047474	22047578	104
chr12	23795725	23796038	chr12	23795726	23796043	317
chr12	26511020	26511352	chr12	26511022	26511354	332
chr12	27433987	27434318	chr12	27433988	27434317	329
chr12	29573407	29573748	chr12	29573409	29573755	346
chr12	30371317	30371742	chr12	30371315	30371743	428
chr12	32963599	32963914	chr12	32963601	32963916	315
chr12	41659816	41660133	chr12	41659815	41660133	318
chr12	41757437	41757525	chr12	41757434	41757519	85
chr12	43654405	43654752	chr12	43654406	43654742	336
chr12	43977449	43979549	chr12	43977451	43979551	2100
chr12	45903153	45909939	chr12	45903152	45909938	6786
chr12	47075350	47075698	chr12	47075355	47075708	353
chr12	47609580	47609659	chr12	47609580	47609651	71
chr12	49470012	49470492	chr12	49470054	49470349	295
chr12	54245407	54245696	chr12	54245412	54245704	292
chr12	66678525	66678601	chr12	66678527	66678603	76
chr12	74964926	74965041	chr12	74964925	74965035	110
chr12	83844044	83844608	chr12	83844060	83844620	560
chr12	83959217	83959533	chr12	83959224	83959541	317
chr12	84484484	84484800	chr12	84484485	84484805	320
chr12	86523315	86523635	chr12	86523317	86523637	320
chr12	95244024	95244447	chr12	95244026	95244449	423
chr12	95344056	95344366	chr12	95344058	95344368	310
chr12	96340345	96342954	chr12	96340347	96342956	2609
chr12	97554727	97555055	chr12	97554728	97555057	329
chr12	115023765	115023828	chr12	115023767	115023830	63
chr12	117085012	117085110	chr12	117085008	117085102	94
chr12	122289583	122289928	chr12	122289585	122289930	345
chr12	122947416	122947466	chr12	122947418	122947468	50
chr12	123010338	123010667	chr12	123010340	123010672	332
chr12	125334397	125334707	chr12	125334399	125334708	309
chr12	126905101	126905415	chr12	126905103	126905417	314
chr12	127199948	127200287	chr12	127199958	127200291	333
chr12	127660426	127660752	chr12	127660425	127660754	329
chr12	127947266	127947318	chr12	127947268	127947320	52
chr12	128181066	128181194	chr12	128181072	128181200	128
chr12	130060287	130060618	chr12	130060289	130060620	331
chr12	130283241	130283293	chr12	130283243	130283295	52
chr12	132170948	132171237	chr12	132170942	132171197	255
chr12	132285971	132286070	chr12	132285982	132286071	89
chr12	132987034	132987458	chr12	132987033	132987457	424
chr12	133306928	133306991	chr12	133306930	133306994	64
chr13	21730901	21731223	chr13	21730902	21731224	322
chr13	23055208	23055515	chr13	23055205	23055513	308
chr13	24057640	24057972	chr13	24057642	24057974	332
chr13	24710954	24711268	chr13	24710956	24711274	318
chr13	25645186	25645505	chr13	25645195	25645514	319
chr13	28839856	28840181	chr13	28839853	28840181	328
chr13	29891562	29891873	chr13	29891564	29891875	311
chr13	31175585	31175920	chr13	31175587	31175922	335
chr13	31417769	31417866	chr13	31417797	31417892	95
chr13	31418212	31418481	chr13	31418218	31418487	269
chr13	35558630	35564872	chr13	35558624	35564866	6242
chr13	36438404	36438722	chr13	36438407	36438728	321
chr13	36818914	36818975	chr13	36818916	36818977	61
chr13	39276738	39276796	chr13	39276702	39276760	58
chr13	41453836	41453889	chr13	41453837	41453889	52
chr13	42946047	42946378	chr13	42946049	42946380	331
chr13	43539794	43541447	chr13	43540999	43541448	449
chr13	46719751	46720077	chr13	46719753	46720080	327
chr13	47689476	47689790	chr13	47689487	47689797	310
chr13	48419925	48420081	chr13	48419919	48420078	159
chr13	49305732	49305796	chr13	49305734	49305798	64
chr13	50474688	50474751	chr13	50474690	50474753	63
chr13	51069346	51075078	chr13	51069348	51075080	5732
chr13	60172490	60172823	chr13	60172490	60172818	328
chr13	63523803	63524119	chr13	63523804	63524122	318
chr13	67950542	67950594	chr13	67950544	67950596	52
chr13	68132436	68132495	chr13	68132437	68132496	59
chr13	68936888	68937266	chr13	68936884	68937263	379
chr13	69966662	69966961	chr13	69966664	69966963	299
chr13	72386637	72386687	chr13	72386639	72386689	50
chr13	72843037	72846924	chr13	72843038	72846916	3878
chr13	74074911	74075239	chr13	74074912	74075242	330
chr13	75625199	75625277	chr13	75625200	75625278	78
chr13	79757405	79757461	chr13	79757407	79757463	56
chr13	81747236	81747564	chr13	81747240	81747572	332
chr13	82889194	82889537	chr13	82889195	82889534	339
chr13	83179448	83179755	chr13	83179455	83179760	305
chr13	91160038	91160287	chr13	91160040	91160289	249
chr13	95339372	95339422	chr13	95339384	95339434	50
chr13	96633422	96633740	chr13	96633421	96633741	320
chr13	98721236	98721556	chr13	98721241	98721560	319
chr13	99623702	99623837	chr13	99623704	99623839	135
chr13	103875493	103875570	chr13	103875494	103875571	77
chr13	103931643	103931958	chr13	103931645	103931960	315
chr13	105161209	105161523	chr13	105161213	105161522	309
chr13	105708090	105708434	chr13	105708092	105708436	344
chr13	107924538	107924861	chr13	107924540	107924863	323
chr13	109267189	109267251	chr13	109267191	109267253	62
chr13	111559414	111559652	chr13	111559420	111559659	239
chr13	113426838	113426892	chr13	113426840	113426894	54
chr13	113616375	113616435	chr13	113616377	113616437	60
chr13	113790936	113791263	chr13	113790939	113791271	332
chr13	113991046	113991116	chr13	113991048	113991118	70
chr13	114263923	114263985	chr13	114263925	114263987	62
chr13	114764511	114764591	chr13	114764513	114764593	80
chr14	21536144	21536478	chr14	21536133	21536460	327
chr14	22774831	22775364	chr14	22774830	22775366	536
chr14	22881666	22882259	chr14	22881661	22882254	593
chr14	24175013	24175345	chr14	24175015	24175347	332
chr14	24932619	24932783	chr14	24932620	24932784	164
chr14	31262984	31263314	chr14	31262986	31263316	330
chr14	31813876	31814050	chr14	31813876	31814052	176
chr14	31942995	31943320	chr14	31942997	31943319	322
chr14	33391972	33392308	chr14	33391972	33392307	335
chr14	34290035	34290374	chr14	34290037	34290376	339
chr14	35401402	35401723	chr14	35401407	35401729	322
chr14	40609815	40617672	chr14	40609838	40617661	7823
chr14	42486321	42486636	chr14	42486321	42486638	317
chr14	43119202	43119262	chr14	43119215	43119275	60
chr14	44714145	44721078	chr14	44714147	44721080	6933
chr14	46577923	46578243	chr14	46577924	46578248	324
chr14	48334241	48334556	chr14	48334243	48334561	318
chr14	50118870	50119027	chr14	50118872	50119030	158
chr14	54564051	54564385	chr14	54564053	54564387	334
chr14	66810629	66810941	chr14	66810631	66810943	312
chr14	68377004	68377156	chr14	68377011	68377157	146
chr14	68995379	68995453	chr14	68995381	68995455	74
chr14	71320960	71321253	chr14	71320963	71321256	293
chr14	71437827	71438160	chr14	71437830	71438161	331
chr14	75520938	75525519	chr14	75520940	75525521	4581
chr14	75658931	75659370	chr14	75658932	75659368	436
chr14	78828233	78828584	chr14	78828235	78828585	350
chr14	79653926	79654025	chr14	79653927	79654027	100
chr14	83337525	83339188	chr14	83337525	83337950	425
chr14	83635836	83636483	chr14	83635836	83636000	164
chr14	83900391	83900481	chr14	83900389	83900479	90
chr14	87858056	87858383	chr14	87858058	87858385	327
chr14	88890018	88890176	chr14	88890020	88890177	157
chr14	89408828	89409078	chr14	89408829	89409081	252
chr14	94235337	94235393	chr14	94235314	94235370	56
chr14	94638738	94639875	chr14	94638741	94638983	242
chr14	94638738	94639875	chr14	94639501	94639893	392
chr14	100844997	100845330	chr14	100844993	100845328	335
chr14	101990866	101991202	chr14	101990863	101991203	340
chr14	103598320	103598380	chr14	103598322	103598382	60
chr14	105293174	105293360	chr14	105293168	105293361	193
chr14	106117037	106117247	chr14	106117085	106117148	63
chr14	106323455	106323519	chr14	106323457	106323521	64
chr14	106415141	106415231	chr14	106415143	106415233	90
chr14	106986861	106986921	chr14	106986863	106986923	60
chr15	24107713	24107876	chr15	24107713	24107842	129
chr15	24207057	24207366	chr15	24207059	24207368	309
chr15	27021455	27021796	chr15	27021492	27021794	302
chr15	29411474	29411896	chr15	29411476	29411899	423
chr15	34200447	34200714	chr15	34200449	34200705	256
chr15	35009016	35009351	chr15	35009018	35009353	335
chr15	37544733	37544794	chr15	37544735	37544796	61
chr15	40329816	40329905	chr15	40329814	40329898	84
chr15	41585707	41585775	chr15	41585696	41585764	68
chr15	41604020	41604430	chr15	41604022	41604432	410
chr15	46860707	46861168	chr15	46860705	46861166	461
chr15	47720633	47720807	chr15	47720635	47720809	174
chr15	52525183	52525516	chr15	52525177	52525508	331
chr15	55218215	55224424	chr15	55218212	55224421	6209
chr15	55429892	55430213	chr15	55429893	55430215	322
chr15	58596496	58596817	chr15	58596498	58596813	315
chr15	58912848	58913166	chr15	58912846	58913172	326
chr15	59712886	59713217	chr15	59712884	59713216	332
chr15	62947784	62947920	chr15	62947785	62947894	109
chr15	63441742	63441819	chr15	63441743	63441820	77
chr15	66633812	66634133	chr15	66633813	66634138	325
chr15	67534465	67534799	chr15	67534467	67534802	335
chr15	68426002	68428927	chr15	68426004	68428929	2925
chr15	69049567	69049896	chr15	69049569	69049898	329
chr15	69532568	69532652	chr15	69532572	69532633	61
chr15	71885475	71885813	chr15	71885477	71885815	338
chr15	74164205	74164387	chr15	74164206	74164386	180
chr15	76884596	76896938	chr15	76884597	76896939	12342
chr15	77910861	77911235	chr15	77910862	77911238	376
chr15	79084263	79084355	chr15	79084265	79084357	92
chr15	79891843	79892164	chr15	79891851	79892166	315
chr15	79911586	79911898	chr15	79911588	79911900	312
chr15	83551608	83557670	chr15	83551622	83557672	6050
chr15	93315158	93315235	chr15	93315154	93315224	70
chr15	93515787	93516100	chr15	93515788	93516103	315
chr15	93747481	93747545	chr15	93747462	93747528	66
chr15	94933278	94933346	chr15	94933280	94933348	68
chr15	98706089	98706417	chr15	98706091	98706419	328
chr15	101160717	101160809	chr15	101160719	101160811	92
chr16	530776	531087	chr16	530757	531071	314
chr16	876627	876958	chr16	876629	876960	331
chr16	3061561	3061672	chr16	3061548	3061659	111
chr16	3247578	3247667	chr16	3247582	3247669	87
chr16	3994593	3994647	chr16	3994595	3994649	54
chr16	8066621	8066947	chr16	8066610	8066936	326
chr16	8614843	8614903	chr16	8614838	8614898	60
chr16	9406963	9407043	chr16	9406965	9407045	80
chr16	14075622	14075741	chr16	14075624	14075743	119
chr16	14470517	14470809	chr16	14470519	14470811	292
chr16	17226338	17226393	chr16	17226340	17226395	55
chr16	19506316	19506635	chr16	19506320	19506637	317
chr16	20778541	20778861	chr16	20778543	20778863	320
chr16	23528535	23528848	chr16	23528537	23528850	313
chr16	25340109	25343127	chr16	25340111	25343129	3018
chr16	25721774	25721829	chr16	25721776	25721831	55
chr16	26608023	26608365	chr16	26608025	26608367	342
chr16	27050120	27050243	chr16	27050122	27050243	121
chr16	29460491	29460603	chr16	29460513	29460588	75
chr16	32525917	32525974	chr16	32525917	32525974	57
chr16	33052926	33053237	chr16	33052928	33053240	312
chr16	33955266	33955645	chr16	33955456	33955662	206
chr16	33955600	33955801	chr16	33955456	33955662	206
chr16	33968796	33968968	chr16	33968787	33968959	172
chr16	33972500	33979482	chr16	33976029	33978231	2202
chr16	33973791	33974305	chr16	33973870	33974041	171
chr16	33973802	33974316	chr16	33973870	33974041	171
chr16	33973882	33974053	chr16	33973870	33974041	171
chr16	33973935	33974000	chr16	33973870	33974041	171
chr16	33974254	33977503	chr16	33976029	33978231	2202
chr16	33974363	33977439	chr16	33976029	33978231	2202
chr16	33975133	33981690	chr16	33976029	33978231	2202
chr16	33975133	33981690	chr16	33979012	33980791	1779
chr16	33975133	33981690	chr16	33979878	33981473	1595
chr16	33975425	33981642	chr16	33976029	33978231	2202
chr16	33975425	33981642	chr16	33979012	33980791	1779
chr16	33975425	33981642	chr16	33979878	33981473	1595
chr16	33975489	33981534	chr16	33976029	33978231	2202
chr16	33975489	33981534	chr16	33979012	33980791	1779
chr16	33975489	33981534	chr16	33979878	33981473	1595
chr16	33976032	33979102	chr16	33976029	33978231	2202
chr16	33982651	33983679	chr16	33982023	33983201	1178
chr16	33982651	33983679	chr16	33983262	33983594	332
chr16	33983176	33983347	chr16	33983262	33983594	332
chr16	33992407	33995984	chr16	33993419	33996134	2715
chr16	46389878	46391091	chr16	46390565	46390877	312
chr16	46389912	46391125	chr16	46390565	46390877	312
chr16	46389975	46391413	chr16	46390565	46390877	312
chr16	46390468	46390694	chr16	46390565	46390877	312
chr16	46390661	46391419	chr16	46390565	46390877	312
chr16	46390741	46391391	chr16	46390565	46390877	312
chr16	46417253	46438509	chr16	46425614	46438409	12795
chr16	46419277	46454175	chr16	46425614	46438409	12795
chr16	46419642	46453552	chr16	46425614	46438409	12795
chr16	46420566	46432626	chr16	46425614	46438409	12795
chr16	46420618	46432673	chr16	46425614	46438409	12795
chr16	46422146	46428188	chr16	46425614	46438409	12795
chr16	46427418	46440718	chr16	46425614	46438409	12795
chr16	46438704	46438998	chr16	46438913	46439019	106
chr16	46450341	46454678	chr16	46453426	46454877	1451
chr16	46979627	46979703	chr16	46979629	46979705	76
chr16	49036072	49036207	chr16	49036074	49036209	135
chr16	49499433	49499492	chr16	49499435	49499494	59
chr16	52904248	52904373	chr16	52904250	52904375	125
chr16	56574586	56574757	chr16	56574588	56574759	171
chr16	56617025	56617359	chr16	56617027	56617361	334
chr16	57779206	57779256	chr16	57779208	57779258	50
chr16	58819558	58819633	chr16	58819560	58819635	75
chr16	60032082	60032396	chr16	60032084	60032398	314
chr16	62046861	62047194	chr16	62046862	62047197	335
chr16	63442423	63442753	chr16	63442423	63442756	333
chr16	63756306	63756388	chr16	63756308	63756390	82
chr16	65570960	65571040	chr16	65570933	65571012	79
chr16	72753292	72753597	chr16	72753292	72753600	308
chr16	80468630	80468943	chr16	80468632	80468945	313
chr16	81119464	81119817	chr16	81119455	81119809	354
chr16	85781652	85781793	chr16	85781653	85781788	135
chr16	86284308	86284616	chr16	86284310	86284621	311
chr16	87597656	87597755	chr16	87597638	87597737	99
chr16	87705202	87705254	chr16	87705189	87705241	52
chr16	87981799	87981853	chr16	87981801	87981855	54
chr16	88489512	88489591	chr16	88489501	88489574	73
chr17	3989568	3989628	chr17	3989570	3989630	60
chr17	6940388	6940763	chr17	6940390	6940765	375
chr17	8384394	8384463	chr17	8384384	8384453	69
chr17	11557370	11557691	chr17	11557372	11557693	321
chr17	12196579	12196896	chr17	12196581	12196898	317
chr17	13704544	13704833	chr17	13704546	13704835	289
chr17	17230374	17231250	chr17	17230999	17231258	259
chr17	29659591	29659941	chr17	29659591	29659941	350
chr17	30436737	30437055	chr17	30436741	30437061	320
chr17	31791496	31791589	chr17	31791543	31791594	51
chr17	34376278	34376609	chr17	34376280	34376612	332
chr17	34540766	34540825	chr17	34540767	34540820	53
chr17	35146275	35146341	chr17	35146277	35146343	66
chr17	39392095	39392147	chr17	39392090	39392142	52
chr17	47228439	47228769	chr17	47228441	47228771	330
chr17	48427503	48427887	chr17	48427500	48427879	379
chr17	52705176	52705226	chr17	52705178	52705228	50
chr17	65520854	65521184	chr17	65520861	65521193	332
chr17	65727354	65727630	chr17	65727351	65727629	278
chr17	66227556	66227777	chr17	66227557	66227775	218
chr17	67087651	67087962	chr17	67087653	67087964	311
chr17	68455086	68461176	chr17	68455088	68461178	6090
chr17	69852139	69852466	chr17	69852141	69852468	327
chr17	72393115	72393249	chr17	72393117	72393251	134
chr17	73040282	73040599	chr17	73040289	73040602	313
chr17	74987520	74987839	chr17	74987522	74987841	319
chr17	75988282	75988597	chr17	75988281	75988602	321
chr17	77125448	77125603	chr17	77125446	77125604	158
chr17	78575345	78576272	chr17	78575347	78576274	927
chr17	78665063	78665131	chr17	78665065	78665133	68
chr17	79225013	79225074	chr17	79225015	79225076	61
chr17	79577680	79578003	chr17	79577688	79578005	317
chr18	107284	107352	chr18	107287	107560	273
chr18	107305	107373	chr18	107287	107560	273
chr18	107769	107831	chr18	107754	107890	136
chr18	108061	108400	chr18	108183	108251	68
chr18	108064	108219	chr18	108183	108251	68
chr18	108244	108498	chr18	108437	108506	69
chr18	108371	108508	chr18	108437	108506	69
chr18	108400	108469	chr18	108437	108506	69
chr18	108475	108541	chr18	108437	108506	69
chr18	108476	108541	chr18	108437	108506	69
chr18	108578	108685	chr18	108656	108724	68
chr18	108601	108804	chr18	108656	108724	68
chr18	108616	108684	chr18	108656	108724	68
chr18	108617	108820	chr18	108656	108724	68
chr18	108626	108694	chr18	108656	108724	68
chr18	108635	108838	chr18	108656	108724	68
chr18	108638	108841	chr18	108656	108724	68
chr18	109130	110225	chr18	109994	110268	274
chr18	109176	110546	chr18	109994	110268	274
chr18	109339	110572	chr18	109994	110268	274
chr18	109349	110649	chr18	109994	110268	274
chr18	109745	111111	chr18	109994	110268	274
chr18	109785	110125	chr18	109994	110268	274
chr18	109785	110125	chr18	109995	110063	68
chr18	109914	110599	chr18	109994	110268	274
chr18	109957	110643	chr18	109994	110268	274
chr18	109969	110036	chr18	109995	110063	68
chr18	110114	110320	chr18	109994	110268	274
chr18	110352	110558	chr18	110418	110492	74
chr18	110385	110456	chr18	110418	110492	74
chr18	110385	110505	chr18	110418	110492	74
chr18	110841	111319	chr18	110887	111027	140
chr18	110867	110935	chr18	110786	110922	136
chr18	110867	110935	chr18	110887	111027	140
chr18	110867	110940	chr18	110786	110922	136
chr18	110867	110940	chr18	110887	111027	140
chr18	110872	110940	chr18	110786	110922	136
chr18	110872	110940	chr18	110887	111027	140
chr18	110922	110990	chr18	110887	111027	140
chr18	110923	110991	chr18	110887	111027	140
chr18	110952	111020	chr18	110887	111027	140
chr18	110955	111023	chr18	110887	111027	140
chr18	207030	207706	chr18	207026	207701	675
chr18	828472	828795	chr18	828474	828797	323
chr18	836716	837665	chr18	836718	837667	949
chr18	1199563	1200309	chr18	1199565	1200313	748
chr18	1219339	1219480	chr18	1219341	1219482	141
chr18	2472723	2472837	chr18	2472725	2472839	114
chr18	2997376	2997457	chr18	2997378	2997459	81
chr18	3833130	3833182	chr18	3833132	3833184	52
chr18	4955592	4955989	chr18	4955593	4955979	386
chr18	7073836	7073889	chr18	7073838	7073891	53
chr18	9225118	9225453	chr18	9225120	9225455	335
chr18	9626586	9626656	chr18	9626590	9626660	70
chr18	10331018	10331158	chr18	10331020	10331160	140
chr18	12227981	12228047	chr18	12227983	12228049	66
chr18	12851182	12851511	chr18	12851189	12851515	326
chr18	14223318	14223392	chr18	14223312	14223387	75
chr18	22892480	22892804	chr18	22892475	22892799	324
chr18	23473581	23473650	chr18	23473582	23473651	69
chr18	24571620	24572341	chr18	24571621	24572342	721
chr18	25827876	25828209	chr18	25827881	25828217	336
chr18	26363743	26364064	chr18	26363750	26364068	318
chr18	27629680	27630006	chr18	27629684	27630014	330
chr18	27872570	27872899	chr18	27872572	27872901	329
chr18	32530959	32531236	chr18	32530955	32531229	274
chr18	37061632	37061962	chr18	37061634	37061964	330
chr18	37067014	37067072	chr18	37067015	37067073	58
chr18	38864784	38868343	chr18	38864799	38868341	3542
chr18	41031544	41032528	chr18	41031546	41032530	984
chr18	42838107	42838809	chr18	42838110	42838810	700
chr18	43261003	43261328	chr18	43261008	43261328	320
chr18	44715166	44715243	chr18	44715168	44715245	77
chr18	46159351	46159429	chr18	46159352	46159430	78
chr18	50925977	50926300	chr18	50925979	50926302	323
chr18	51952963	51956959	chr18	51952965	51956961	3996
chr18	53765640	53765708	chr18	53765623	53765691	68
chr18	55671122	55671428	chr18	55671124	55671430	306
chr18	55801577	55801903	chr18	55801579	55801905	326
chr18	63533238	63533582	chr18	63533240	63533584	344
chr18	63533254	63533622	chr18	63533240	63533584	344
chr18	64542930	64543251	chr18	64542932	64543253	321
chr18	65520684	65520738	chr18	65520686	65520740	54
chr18	68846724	68847058	chr18	68846726	68847055	329
chr18	69332933	69332989	chr18	69332945	69333001	56
chr18	72779980	72780030	chr18	72779949	72779999	50
chr18	73570006	73570331	chr18	73570022	73570333	311
chr18	74730309	74730379	chr18	74730310	74730380	70
chr18	75085335	75085535	chr18	75085418	75085516	98
chr18	75997260	75997615	chr18	75997290	75997623	333
chr18	76344619	76344690	chr18	76344624	76344695	71
chr19	513671	513735	chr19	513684	513734	50
chr19	2674194	2674282	chr19	2674196	2674284	88
chr19	3866386	3866447	chr19	3866388	3866449	61
chr19	4227203	4227645	chr19	4227209	4227652	443
chr19	8514410	8514717	chr19	8514412	8514719	307
chr19	12557696	12557985	chr19	12557698	12557987	289
chr19	17703909	17704292	chr19	17703909	17704293	384
chr19	18661282	18661602	chr19	18661286	18661603	317
chr19	18926123	18926292	chr19	18926125	18926294	169
chr19	19802232	19802612	chr19	19802230	19802609	379
chr19	20807133	20807300	chr19	20807129	20807296	167
chr19	21319462	21319622	chr19	21319460	21319623	163
chr19	23320788	23321105	chr19	23320790	23321107	317
chr19	23986393	23986715	chr19	23986394	23986722	328
chr19	24573555	24574232	chr19	24573198	24574206	1008
chr19	24594353	24594522	chr19	24594355	24594524	169
chr19	27868084	27868425	chr19	27868108	27868449	341
chr19	27880176	27880687	chr19	27880003	27880514	511
chr19	30386518	30386741	chr19	30386520	30386743	223
chr19	30388790	30393100	chr19	30388792	30393102	4310
chr19	31733642	31733762	chr19	31733644	31733764	120
chr19	34316367	34316578	chr19	34316326	34316531	205
chr19	36002361	36002412	chr19	36002373	36002424	51
chr19	37284317	37284627	chr19	37284316	37284631	315
chr19	40124704	40124786	chr19	40124706	40124788	82
chr19	46278652	46279628	chr19	46278661	46278985	324
chr19	46796792	46797121	chr19	46796793	46797121	328
chr19	46956101	46956428	chr19	46956102	46956429	327
chr19	48837689	48837741	chr19	48837675	48837727	52
chr19	49581952	49582258	chr19	49581954	49582260	306
chr19	52948969	52949075	chr19	52948966	52949074	108
chr19	53084111	53084246	chr19	53084113	53084248	135
chr19	53689169	53691951	chr19	53689171	53691953	2782
chr19	53820789	53821104	chr19	53820792	53821109	317
chr19	54810770	54811491	chr19	54810760	54811486	726
chr19	56041811	56042147	chr19	56041807	56042146	339
chr19	56580932	56580982	chr19	56580934	56580984	50
chr19	59096465	59096620	chr19	59096460	59096615	155
chr20	2929344	2934411	chr20	2929343	2934410	5067
chr20	3037866	3038182	chr20	3037866	3038184	318
chr20	5942987	5943316	chr20	5942989	5943320	331
chr20	6150945	6151277	chr20	6150946	6151277	331
chr20	7274336	7274649	chr20	7274339	7274654	315
chr20	11517265	11517588	chr20	11517266	11517594	328
chr20	14529068	14529381	chr20	14529070	14529383	313
chr20	15435301	15435476	chr20	15435302	15435466	164
chr20	21849902	21850189	chr20	21849901	21850187	286
chr20	22097665	22097720	chr20	22097667	22097722	55
chr20	23755258	23755323	chr20	23755260	23755325	65
chr20	26148991	26149313	chr20	26149007	26149315	308
chr20	29434800	29434957	chr20	29434797	29434953	156
chr20	30899227	30899532	chr20	30899237	30899544	307
chr20	31525486	31529389	chr20	31525487	31529381	3894
chr20	32815928	32819225	chr20	32815930	32819227	3297
chr20	33115811	33116144	chr20	33115812	33116146	334
chr20	33477172	33477305	chr20	33477174	33477307	133
chr20	38337632	38337769	chr20	38337634	38337771	137
chr20	42676125	42676524	chr20	42676128	42676523	395
chr20	43553563	43553740	chr20	43553565	43553742	177
chr20	50759190	50760928	chr20	50760500	50760933	433
chr20	54434610	54440616	chr20	54434612	54440618	6006
chr20	54463220	54463537	chr20	54463220	54463543	323
chr20	59731222	59731282	chr20	59731213	59731273	60
chr20	60160728	60160838	chr20	60160705	60160815	110
chr20	60526288	60526593	chr20	60526291	60526600	309
chr20	60570624	60570943	chr20	60570626	60570945	319
chr20	61304250	61305139	chr20	61304250	61304488	238
chr20	61588403	61588479	chr20	61588405	61588481	76
chr20	61724698	61725597	chr20	61724716	61724966	250
chr20	62767800	62767854	chr20	62767802	62767856	54
chr20	62909059	62909124	chr20	62909029	62909093	64
chr21	9569591	9569686	chr21	9569592	9569687	95
chr21	10699856	10700200	chr21	10699856	10700200	344
chr21	10705904	10706244	chr21	10705530	10706558	1028
chr21	10706071	10706413	chr21	10705530	10706558	1028
chr21	10709069	10709239	chr21	10709135	10709310	175
chr21	10712100	10712764	chr21	10712130	10712827	697
chr21	10717355	10723339	chr21	10720773	10723318	2545
chr21	10718123	10721892	chr21	10720773	10723318	2545
chr21	10721780	10728776	chr21	10720773	10723318	2545
chr21	10721780	10728776	chr21	10723966	10725502	1536
chr21	10721958	10723659	chr21	10720773	10723318	2545
chr21	10723745	10723916	chr21	10723365	10723877	512
chr21	10724560	10725588	chr21	10723966	10725502	1536
chr21	10733837	10734174	chr21	10733828	10734165	337
chr21	10734263	10734433	chr21	10734306	10734647	341
chr21	10742374	10743287	chr21	10742380	10743294	914
chr21	10742374	10743287	chr21	10742705	10743047	342
chr21	10743198	10743368	chr21	10743300	10743471	171
chr21	10744517	10756305	chr21	10744163	10747417	3254
chr21	10749451	10752693	chr21	10749887	10750571	684
chr21	10749511	10752754	chr21	10749887	10750571	684
chr21	10757669	10758055	chr21	10757898	10758065	167
chr21	10813968	10814023	chr21	10813988	10814042	54
chr21	11145595	11145673	chr21	11145597	11145675	78
chr21	11146232	11146485	chr21	11146233	11146486	253
chr21	16588378	16591452	chr21	16588380	16591454	3074
chr21	23636869	23636936	chr21	23636853	23636920	67
chr21	24828945	24829264	chr21	24828947	24829266	319
chr21	26825131	26825398	chr21	26825133	26825400	267
chr21	30552224	30552578	chr21	30552221	30552578	357
chr21	30601816	30602156	chr21	30601812	30602155	343
chr21	33030348	33030398	chr21	33030350	33030400	50
chr21	39863887	39863992	chr21	39863889	39863994	105
chr21	42341846	42341901	chr21	42341802	42341875	73
chr21	42402882	42403203	chr21	42402883	42403205	322
chr21	44970364	44973300	chr21	44970366	44973302	2936
chr21	46528631	46528695	chr21	46528633	46528697	64
chr21	47804627	47804698	chr21	47804612	47804683	71
chr22	17770350	17779108	chr22	17770351	17779108	8757
chr22	18047360	18047718	chr22	18047362	18047720	358
chr22	18099516	18099826	chr22	18099518	18099822	304
chr22	18283896	18284218	chr22	18283897	18284218	321
chr22	18977575	18977640	chr22	18977577	18977642	65
chr22	24054882	24054953	chr22	24054884	24054955	71
chr22	24195933	24198505	chr22	24195935	24198507	2572
chr22	25277031	25277404	chr22	25277033	25277406	373
chr22	26891514	26891650	chr22	26891509	26891645	136
chr22	27168066	27169792	chr22	27168068	27169794	1726
chr22	30214392	30214448	chr22	30214394	30214450	56
chr22	34069804	34069925	chr22	34069806	34069927	121
chr22	35645164	35646139	chr22	35645167	35645493	326
chr22	36798019	36798340	chr22	36798021	36798342	321
chr22	37127073	37127245	chr22	37127060	37127232	172
chr22	37905677	37906155	chr22	37905683	37906152	469
chr22	39607652	39607972	chr22	39607654	39607974	320
chr22	41140113	41142634	chr22	41140115	41142636	2521
chr22	42510763	42510819	chr22	42510765	42510821	56
chr22	43549325	43549652	chr22	43549312	43549655	343
chr22	43985160	43985210	chr22	43985162	43985212	50
chr22	45488361	45488424	chr22	45488363	45488426	63
chr22	47781989	47782204	chr22	47781976	47782180	204
chr22	48645210	48645528	chr22	48645179	48645505	326
chr22	49077626	49077902	chr22	49077627	49077903	276
chr22	49401387	49401484	chr22	49401389	49401486	97
chrX	3609471	3609526	chrX	3609469	3609527	58
chrX	4904707	4905022	chrX	4904714	4905035	321
chrX	5570336	5570680	chrX	5570341	5570682	341
chrX	9698247	9698417	chrX	9698249	9698419	170
chrX	9698249	9698473	chrX	9698249	9698419	170
chrX	16427679	16428212	chrX	16427681	16428207	526
chrX	16541904	16542023	chrX	16541905	16542020	115
chrX	17502753	17502822	chrX	17502731	17502811	80
chrX	17520616	17520931	chrX	17520618	17520933	315
chrX	22672564	22672879	chrX	22672566	22672881	315
chrX	24101368	24101683	chrX	24101381	24101684	303
chrX	24292700	24293032	chrX	24292706	24293038	332
chrX	26954928	26955004	chrX	26954926	26954991	65
chrX	40401504	40401590	chrX	40401498	40401571	73
chrX	40505174	40505498	chrX	40505179	40505506	327
chrX	45587559	45587866	chrX	45587561	45587868	307
chrX	47093162	47093215	chrX	47093164	47093217	53
chrX	48127600	48127762	chrX	48127602	48127764	162
chrX	50632417	50632467	chrX	50632419	50632469	50
chrX	61720736	61724846	chrX	61721999	61724054	2055
chrX	61721197	61725317	chrX	61721999	61724054	2055
chrX	61721216	61725336	chrX	61721999	61724054	2055
chrX	61721228	61725348	chrX	61721999	61724054	2055
chrX	61721324	61725444	chrX	61721999	61724054	2055
chrX	61726586	61727102	chrX	61726827	61726995	168
chrX	61726588	61729821	chrX	61727914	61728591	677
chrX	61726596	61732727	chrX	61731161	61733720	2559
chrX	61727241	61730130	chrX	61727914	61728591	677
chrX	61728075	61728585	chrX	61727914	61728591	677
chrX	61728613	61732873	chrX	61731161	61733720	2559
chrX	61730258	61734689	chrX	61731161	61733720	2559
chrX	61730258	61734689	chrX	61732821	61735360	2539
chrX	61730898	61732773	chrX	61731161	61733720	2559
chrX	61731069	61732773	chrX	61731161	61733720	2559
chrX	61731179	61733566	chrX	61731161	61733720	2559
chrX	61731179	61733566	chrX	61732821	61735360	2539
chrX	61733943	61734621	chrX	61733861	61734371	510
chrX	61733943	61734621	chrX	61732821	61735360	2539
chrX	66103777	66103901	chrX	66103779	66103903	124
chrX	71123220	71123537	chrX	71123221	71123538	317
chrX	74599737	74599800	chrX	74599738	74599801	63
chrX	77696852	77697450	chrX	77696850	77697451	601
chrX	82523234	82523314	chrX	82523236	82523316	80
chrX	85537769	85538081	chrX	85537761	85538072	311
chrX	85605171	85609863	chrX	85605172	85609864	4692
chrX	90283359	90284088	chrX	90283384	90284024	640
chrX	92796296	92801504	chrX	92796298	92801506	5208
chrX	96006636	96006951	chrX	96006638	96006953	315
chrX	96624434	96624495	chrX	96624435	96624487	52
chrX	100688187	100688241	chrX	100688173	100688225	52
chrX	101091424	101091520	chrX	101091424	101091505	81
chrX	101155257	101155309	chrX	101155259	101155311	52
chrX	111802225	111802357	chrX	111802227	111802359	132
chrX	112877015	112877346	chrX	112877017	112877348	331
chrX	114638068	114638176	chrX	114638106	114638168	62
chrX	114670492	114670787	chrX	114670494	114670788	294
chrX	115137998	115152944	chrX	115138024	115152931	14907
chrX	115247363	115247435	chrX	115247351	115247423	72
chrX	116454345	116454664	chrX	116454348	116454668	320
chrX	118870654	118870908	chrX	118870654	118870908	254
chrX	122185498	122185850	chrX	122185497	122185850	353
chrX	135157982	135158313	chrX	135157982	135158314	332
chrX	138157986	138158176	chrX	138157986	138158178	192
chrX	138384894	138385220	chrX	138384899	138385227	328
chrX	143410257	143410370	chrX	143410255	143410349	94
chrX	143750852	143750908	chrX	143750854	143750910	56
chrX	144422074	144424505	chrX	144422076	144424507	2431
chrX	146559239	146559345	chrX	146559241	146559347	106
chrX	146684542	146684638	chrX	146684544	146684640	96
chrX	154485915	154486951	chrX	154486508	154486961	453
