chr1	21292127	21292181	chr1	21292146	21292200	54
chr1	78942231	78942308	chr1	78942232	78942309	77
chr1	244162023	244162073	chr1	244162053	244162153	100
chr1	1413219	1413352	chr1	1413323	1413456	133
chr1	1501010	1501107	chr1	1501061	1501158	97
chr1	2583579	2584621	chr1	2583740	2584062	322
chr1	2584555	2591577	chr1	2589879	2591639	1760
chr1	2585152	2588923	chr1	2587935	2588725	790
chr1	2585335	2585615	chr1	2585344	2585756	412
chr1	2585349	2585549	chr1	2585344	2585756	412
chr1	2585439	2585599	chr1	2585344	2585756	412
chr1	2585516	2589770	chr1	2588766	2589841	1075
chr1	2585549	2585669	chr1	2585344	2585756	412
chr1	2585556	2591455	chr1	2589879	2591639	1760
chr1	2603100	2603340	chr1	2603128	2603239	111
chr1	2604133	2604213	chr1	2604108	2604228	120
chr1	2609852	2609933	chr1	2609765	2610046	281
chr1	2613968	2614048	chr1	2613886	2614009	123
chr1	2615911	2619562	chr1	2616708	2617856	1148
chr1	3092626	3092849	chr1	3092708	3092923	215
chr1	3186274	3186349	chr1	3186273	3186354	81
chr1	12199005	12199071	chr1	12199047	12199113	66
chr1	22896933	22897026	chr1	22896989	22897082	93
chr1	61288095	61288335	chr1	61288239	61288479	240
chr1	104932098	104932210	chr1	104932125	104932237	112
chr1	104990435	104990787	chr1	104990678	104991030	352
chr1	121357193	121359059	chr1	121356979	121357655	676
chr1	121478369	121480234	chr1	121478659	121479147	488
chr1	121484053	121485412	chr1	121484600	121486556	1956
chr1	121484055	121485414	chr1	121484600	121486556	1956
chr1	121484056	121485075	chr1	121484600	121486556	1956
chr1	121484056	121485415	chr1	121484600	121486556	1956
chr1	121484069	121485428	chr1	121484600	121486556	1956
chr1	121484074	121485433	chr1	121484600	121486556	1956
chr1	121484134	121485153	chr1	121484600	121486556	1956
chr1	121484145	121485164	chr1	121484600	121486556	1956
chr1	121484158	121485177	chr1	121484600	121486556	1956
chr1	121484191	121485210	chr1	121484600	121486556	1956
chr1	121484197	121485216	chr1	121484600	121486556	1956
chr1	121484198	121485217	chr1	121484600	121486556	1956
chr1	121484199	121485218	chr1	121484600	121486556	1956
chr1	121484201	121485220	chr1	121484600	121486556	1956
chr1	121484203	121485222	chr1	121484600	121486556	1956
chr1	121484204	121485223	chr1	121484600	121486556	1956
chr1	121484206	121485225	chr1	121484600	121486556	1956
chr1	121484211	121485230	chr1	121484600	121486556	1956
chr1	121484214	121485233	chr1	121484600	121486556	1956
chr1	121484223	121485242	chr1	121484600	121486556	1956
chr1	121484226	121485245	chr1	121484600	121486556	1956
chr1	121484272	121485291	chr1	121484600	121486556	1956
chr1	121484283	121485302	chr1	121484600	121486556	1956
chr1	121484293	121485311	chr1	121484600	121486556	1956
chr1	121484293	121485312	chr1	121484600	121486556	1956
chr1	121484294	121485313	chr1	121484600	121486556	1956
chr1	121484296	121485315	chr1	121484600	121486556	1956
chr1	121484298	121485317	chr1	121484600	121486556	1956
chr1	121484304	121485322	chr1	121484600	121486556	1956
chr1	121484305	121485324	chr1	121484600	121486556	1956
chr1	121484311	121485330	chr1	121484600	121486556	1956
chr1	121484317	121485336	chr1	121484600	121486556	1956
chr1	121484319	121485338	chr1	121484600	121486556	1956
chr1	121484322	121485339	chr1	121484600	121486556	1956
chr1	121484322	121485341	chr1	121484600	121486556	1956
chr1	121484327	121485342	chr1	121484600	121486556	1956
chr1	121484356	121485375	chr1	121484600	121486556	1956
chr1	121484381	121485400	chr1	121484600	121486556	1956
chr1	121484383	121485062	chr1	121484600	121486556	1956
chr1	121484383	121485402	chr1	121484600	121486556	1956
chr1	121484385	121485064	chr1	121484600	121486556	1956
chr1	121484385	121485404	chr1	121484600	121486556	1956
chr1	121484389	121485408	chr1	121484600	121486556	1956
chr1	121484390	121485409	chr1	121484600	121486556	1956
chr1	121484391	121485410	chr1	121484600	121486556	1956
chr1	121484392	121485411	chr1	121484600	121486556	1956
chr1	121484395	121485414	chr1	121484600	121486556	1956
chr1	121484396	121485415	chr1	121484600	121486556	1956
chr1	121484400	121485079	chr1	121484600	121486556	1956
chr1	121484400	121485419	chr1	121484600	121486556	1956
chr1	121484402	121485421	chr1	121484600	121486556	1956
chr1	121484411	121485430	chr1	121484600	121486556	1956
chr1	121484413	121485432	chr1	121484600	121486556	1956
chr1	121484423	121485102	chr1	121484600	121486556	1956
chr1	121484425	121485104	chr1	121484600	121486556	1956
chr1	121484449	121485128	chr1	121484600	121486556	1956
chr1	121484472	121485151	chr1	121484600	121486556	1956
chr1	121484473	121485434	chr1	121484600	121486556	1956
chr1	121484492	121485171	chr1	121484600	121486556	1956
chr1	121484503	121485182	chr1	121484600	121486556	1956
chr1	121484508	121485187	chr1	121484600	121486556	1956
chr1	121484532	121485211	chr1	121484600	121486556	1956
chr1	121484536	121485215	chr1	121484600	121486556	1956
chr1	121484537	121485216	chr1	121484600	121486556	1956
chr1	121484538	121485217	chr1	121484600	121486556	1956
chr1	121484543	121485222	chr1	121484600	121486556	1956
chr1	121484544	121485223	chr1	121484600	121486556	1956
chr1	121484546	121485225	chr1	121484600	121486556	1956
chr1	121484549	121485228	chr1	121484600	121486556	1956
chr1	121484551	121485230	chr1	121484600	121486556	1956
chr1	121484552	121485231	chr1	121484600	121486556	1956
chr1	121484554	121485233	chr1	121484600	121486556	1956
chr1	121484557	121485236	chr1	121484600	121486556	1956
chr1	121484563	121485242	chr1	121484600	121486556	1956
chr1	121484566	121485245	chr1	121484600	121486556	1956
chr1	121484570	121485249	chr1	121484600	121486556	1956
chr1	121484575	121485254	chr1	121484600	121486556	1956
chr1	121484585	121485433	chr1	121484600	121486556	1956
chr1	121484597	121485276	chr1	121484600	121486556	1956
chr1	121484599	121485233	chr1	121484600	121486556	1956
chr1	121484600	121485279	chr1	121484600	121486556	1956
chr1	121484618	121485297	chr1	121484600	121486556	1956
chr1	121484623	121485302	chr1	121484600	121486556	1956
chr1	121484633	121485312	chr1	121484600	121486556	1956
chr1	121484654	121485333	chr1	121484600	121486556	1956
chr1	121484657	121485336	chr1	121484600	121486556	1956
chr1	121484659	121485338	chr1	121484600	121486556	1956
chr1	121484672	121485351	chr1	121484600	121486556	1956
chr1	121484712	121485391	chr1	121484600	121486556	1956
chr1	121484720	121485400	chr1	121484600	121486556	1956
chr1	121484723	121485402	chr1	121484600	121486556	1956
chr1	121484724	121485402	chr1	121484600	121486556	1956
chr1	121484724	121485403	chr1	121484600	121486556	1956
chr1	121484731	121485410	chr1	121484600	121486556	1956
chr1	121484733	121485412	chr1	121484600	121486556	1956
chr1	121484738	121485417	chr1	121484600	121486556	1956
chr1	121484740	121485419	chr1	121484600	121486556	1956
chr1	149294837	149294905	chr1	149294844	149294912	68
chr1	162838401	162838513	chr1	162838488	162838600	112
chr1	169962798	169962962	chr1	169962745	169962909	164
chr1	194445279	194445348	chr1	194445322	194445392	70
chr1	195084282	195084426	chr1	195084307	195084476	169
chr1	203979750	203979837	chr1	203979814	203979901	87
chr10	21346518	21346568	chr10	21346528	21346578	50
chr10	42383287	42383339	chr10	42383248	42383323	75
chr10	42383288	42383340	chr10	42383248	42383323	75
chr10	42383289	42383341	chr10	42383248	42383323	75
chr10	42383290	42383342	chr10	42383248	42383323	75
chr10	42383291	42383343	chr10	42383248	42383323	75
chr10	87833772	87833832	chr10	87833773	87833833	60
chr10	113015642	113015694	chr10	113015643	113015695	52
chr10	132307229	132307279	chr10	132307216	132307267	51
chr10	440404	440477	chr10	440409	440482	73
chr10	3284470	3284604	chr10	3284565	3284699	134
chr10	9513972	9514045	chr10	9513973	9514049	76
chr10	42383247	42383322	chr10	42383248	42383323	75
chr10	42383251	42383303	chr10	42383248	42383323	75
chr10	42383444	42385258	chr10	42384879	42385361	482
chr10	42383455	42385269	chr10	42384879	42385361	482
chr10	42383492	42385306	chr10	42384879	42385361	482
chr10	42384234	42386075	chr10	42384879	42385361	482
chr10	42384349	42385261	chr10	42384879	42385361	482
chr10	42384467	42385256	chr10	42384879	42385361	482
chr10	42384681	42386054	chr10	42384879	42385361	482
chr10	42384697	42386070	chr10	42384879	42385361	482
chr10	42384701	42386074	chr10	42384879	42385361	482
chr10	42384705	42386029	chr10	42384879	42385361	482
chr10	42384908	42386459	chr10	42384879	42385361	482
chr10	42384982	42385325	chr10	42384879	42385361	482
chr10	42384989	42385472	chr10	42384879	42385361	482
chr10	42385052	42386073	chr10	42384879	42385361	482
chr10	42385057	42386078	chr10	42384879	42385361	482
chr10	42385201	42385325	chr10	42384879	42385361	482
chr10	42385243	42385341	chr10	42384879	42385361	482
chr10	42389157	42389530	chr10	42389370	42389449	79
chr10	42389261	42389443	chr10	42389370	42389449	79
chr10	42389269	42391069	chr10	42390301	42390724	423
chr10	42389270	42389452	chr10	42389370	42389449	79
chr10	42389376	42389454	chr10	42389370	42389449	79
chr10	42390315	42390413	chr10	42390301	42390724	423
chr10	42390348	42390723	chr10	42390301	42390724	423
chr10	42390614	42390735	chr10	42390301	42390724	423
chr10	42393517	42393820	chr10	42393372	42393858	486
chr10	42393542	42393845	chr10	42393372	42393858	486
chr10	42393784	42394559	chr10	42394215	42394453	238
chr10	42394192	42394660	chr10	42394215	42394453	238
chr10	42394363	42394805	chr10	42394215	42394453	238
chr10	42395919	42396134	chr10	42396027	42396126	99
chr10	42395985	42396077	chr10	42396027	42396126	99
chr10	42396091	42396166	chr10	42396027	42396126	99
chr10	42398502	42400814	chr10	42400294	42400974	680
chr10	42399220	42400744	chr10	42400294	42400974	680
chr10	42399265	42402315	chr10	42400294	42400974	680
chr10	42399441	42400625	chr10	42400294	42400974	680
chr10	42399776	42401976	chr10	42400294	42400974	680
chr10	42399832	42402032	chr10	42400294	42400974	680
chr10	42399928	42402129	chr10	42400294	42400974	680
chr10	42400091	42400431	chr10	42400294	42400974	680
chr10	42400112	42400452	chr10	42400294	42400974	680
chr10	42400116	42400456	chr10	42400294	42400974	680
chr10	42400187	42400525	chr10	42400294	42400974	680
chr10	42400318	42400656	chr10	42400294	42400974	680
chr10	42400357	42400695	chr10	42400294	42400974	680
chr10	42400358	42400696	chr10	42400294	42400974	680
chr10	42400372	42400710	chr10	42400294	42400974	680
chr10	42400375	42400713	chr10	42400294	42400974	680
chr10	42400376	42400714	chr10	42400294	42400974	680
chr10	42400413	42400751	chr10	42400294	42400974	680
chr10	42400415	42400685	chr10	42400294	42400974	680
chr10	42400416	42400687	chr10	42400294	42400974	680
chr10	42400451	42402315	chr10	42400294	42400974	680
chr10	42400485	42400754	chr10	42400294	42400974	680
chr10	42406743	42407596	chr10	42406099	42407287	1188
chr10	42527490	42529528	chr10	42527946	42528626	680
chr10	42527764	42528103	chr10	42527946	42528626	680
chr10	42528028	42529389	chr10	42527946	42528626	680
chr10	42543367	42543878	chr10	42543599	42543940	341
chr10	88284470	88284563	chr10	88284540	88284633	93
chr10	92404056	92404166	chr10	92404125	92404235	110
chr10	101011255	101011351	chr10	101011326	101011422	96
chr10	135501304	135501372	chr10	135501275	135501335	60
chr11	1148460	1148760	chr11	1148687	1148990	303
chr11	1961086	1961204	chr11	1961120	1961189	69
chr11	34427229	34427430	chr11	34427338	34427431	93
chr11	39186996	39187077	chr11	39187026	39187107	81
chr11	48859373	48882657	chr11	48868409	48882830	14421
chr11	51569531	51569702	chr11	51569276	51569617	341
chr11	51582133	51582984	chr11	51582661	51582962	301
chr11	51582134	51582985	chr11	51582661	51582962	301
chr11	51582155	51583006	chr11	51582661	51582962	301
chr11	51582200	51583011	chr11	51582661	51582962	301
chr11	51582202	51583011	chr11	51582661	51582962	301
chr11	51582203	51583053	chr11	51582661	51582962	301
chr11	51582246	51583035	chr11	51582661	51582962	301
chr11	51582246	51583048	chr11	51582661	51582962	301
chr11	65443777	65443916	chr11	65443821	65443960	139
chr11	109056951	109057033	chr11	109057007	109057089	82
chr11	122707244	122707321	chr11	122707296	122707373	77
chr12	1231831	1231887	chr12	1231824	1231998	174
chr12	26574522	26574577	chr12	26574552	26574607	55
chr12	629717	629809	chr12	629785	629877	92
chr12	9559092	9559252	chr12	9559080	9559240	160
chr12	50271291	50271400	chr12	50271373	50271483	110
chr12	53540955	53541015	chr12	53540967	53541105	138
chr12	64597794	64597879	chr12	64597829	64597914	85
chr12	64597827	64597912	chr12	64597829	64597914	85
chr12	132971103	132971203	chr12	132971165	132971261	96
chr13	38226812	38226869	chr13	38226839	38226896	57
chr13	32746026	32746086	chr13	32746066	32746126	60
chr13	42947268	42947652	chr13	42947463	42947847	384
chr13	47293128	47293198	chr13	47293173	47293243	70
chr13	111131743	111131810	chr13	111131784	111131858	74
chr13	111300031	111300110	chr13	111300073	111300152	79
chr13	111590550	111590743	chr13	111590700	111590893	193
chr14	19012739	19013593	chr14	19012748	19013776	1028
chr14	49727927	49728046	chr14	49727949	49728068	119
chr14	94985953	94986148	chr14	94986011	94986452	441
chr14	94985971	94986166	chr14	94986011	94986452	441
chr14	100389894	100389973	chr14	100389917	100389996	79
chr15	21279476	21279565	chr15	21279473	21279560	87
chr15	70929889	70929979	chr15	70929954	70930044	90
chr15	101930380	101930544	chr15	101930385	101930548	163
chr16	889939	889991	chr16	889940	889992	52
chr16	46388591	46388663	chr16	46388583	46388663	80
chr16	56552683	56552736	chr16	56552680	56552733	53
chr16	89178457	89178510	chr16	89178458	89178511	53
chr16	16262063	16262149	chr16	16262085	16262171	86
chr16	33955388	33955750	chr16	33955676	33955931	255
chr16	33957680	33957842	chr16	33957480	33957868	388
chr16	33976032	33981563	chr16	33974170	33979659	5489
chr16	33983186	33983358	chr16	33983214	33983298	84
chr16	34184094	34184852	chr16	34183782	34185166	1384
chr16	46389936	46390570	chr16	46390082	46390285	203
chr16	46391233	46391403	chr16	46391107	46391346	239
chr16	46422892	46423626	chr16	46423238	46423431	193
chr16	69953033	69953140	chr16	69953116	69953223	107
chr16	86008641	86009222	chr16	86008672	86009253	581
chr17	76418568	76418618	chr17	76418592	76418642	50
chr17	36527374	36527434	chr17	36527409	36527469	60
chr17	70698002	70698142	chr17	70698108	70698248	140
chr17	77998110	77998438	chr17	77998257	77998844	587
chr17	78658933	78659000	chr17	78658955	78659057	102
chr17	80259158	80259232	chr17	80259207	80259318	111
chr17	80856815	80856996	chr17	80856910	80857092	182
chr18	107137	107205	chr18	107076	107339	263
chr18	107808	107877	chr18	107629	107966	337
chr18	107869	107938	chr18	107629	107966	337
chr18	108170	108238	chr18	108223	108288	65
chr18	108174	108242	chr18	108223	108288	65
chr18	108179	108247	chr18	108223	108288	65
chr18	108180	108248	chr18	108223	108288	65
chr18	108247	108316	chr18	108223	108288	65
chr18	108258	108326	chr18	108223	108288	65
chr18	108261	108328	chr18	108223	108288	65
chr18	108263	108330	chr18	108223	108288	65
chr18	108265	108333	chr18	108223	108288	65
chr18	108266	108334	chr18	108223	108288	65
chr18	108267	108334	chr18	108223	108288	65
chr18	108270	108339	chr18	108223	108288	65
chr18	108517	108585	chr18	108531	108686	155
chr18	108521	108589	chr18	108531	108686	155
chr18	108545	108613	chr18	108531	108686	155
chr18	108549	108617	chr18	108531	108686	155
chr18	108565	108633	chr18	108531	108686	155
chr18	108570	108637	chr18	108531	108686	155
chr18	108570	108638	chr18	108531	108686	155
chr18	108571	108639	chr18	108531	108686	155
chr18	108572	108640	chr18	108531	108686	155
chr18	108573	108641	chr18	108531	108686	155
chr18	108576	108644	chr18	108531	108686	155
chr18	108577	108645	chr18	108531	108686	155
chr18	108578	108646	chr18	108531	108686	155
chr18	108582	108650	chr18	108531	108686	155
chr18	108589	108657	chr18	108531	108686	155
chr18	108591	108659	chr18	108531	108686	155
chr18	108600	108668	chr18	108531	108686	155
chr18	108605	108673	chr18	108531	108686	155
chr18	108616	108684	chr18	108531	108686	155
chr18	108622	108690	chr18	108531	108686	155
chr18	109297	109365	chr18	109337	109474	137
chr18	109298	109366	chr18	109337	109474	137
chr18	109313	109380	chr18	109337	109474	137
chr18	109313	109381	chr18	109337	109474	137
chr18	109313	109382	chr18	109337	109474	137
chr18	109315	109383	chr18	109337	109474	137
chr18	109316	109384	chr18	109337	109474	137
chr18	109322	109389	chr18	109337	109474	137
chr18	109322	109390	chr18	109337	109474	137
chr18	109322	109391	chr18	109337	109474	137
chr18	109324	109392	chr18	109337	109474	137
chr18	109325	109393	chr18	109337	109474	137
chr18	109326	109394	chr18	109337	109474	137
chr18	109327	109395	chr18	109337	109474	137
chr18	109328	109396	chr18	109337	109474	137
chr18	109329	109397	chr18	109337	109474	137
chr18	109330	109398	chr18	109337	109474	137
chr18	109330	109399	chr18	109337	109474	137
chr18	109331	109398	chr18	109337	109474	137
chr18	109331	109399	chr18	109337	109474	137
chr18	109331	109400	chr18	109337	109474	137
chr18	109332	109399	chr18	109337	109474	137
chr18	109332	109400	chr18	109337	109474	137
chr18	109332	109401	chr18	109337	109474	137
chr18	109334	109402	chr18	109337	109474	137
chr18	109337	109405	chr18	109337	109474	137
chr18	109339	109407	chr18	109337	109474	137
chr18	109339	109408	chr18	109337	109474	137
chr18	109348	109416	chr18	109337	109474	137
chr18	109349	109418	chr18	109337	109474	137
chr18	109403	109472	chr18	109337	109474	137
chr18	109559	109628	chr18	109568	109635	67
chr18	55120816	55120891	chr18	55120817	55120892	75
chr18	106557	108055	chr18	107629	107966	337
chr18	106749	107225	chr18	107076	107339	263
chr18	106963	107445	chr18	107076	107339	263
chr18	106990	107943	chr18	107076	107339	263
chr18	106990	107943	chr18	107629	107966	337
chr18	107169	107441	chr18	107076	107339	263
chr18	107175	108400	chr18	107629	107966	337
chr18	107405	108834	chr18	107629	107966	337
chr18	107410	108839	chr18	107629	107966	337
chr18	107850	107986	chr18	107629	107966	337
chr18	108265	108343	chr18	108223	108288	65
chr18	108400	108605	chr18	108531	108686	155
chr18	108402	108607	chr18	108531	108686	155
chr18	108417	108622	chr18	108531	108686	155
chr18	108434	108639	chr18	108531	108686	155
chr18	108488	108624	chr18	108531	108686	155
chr18	108545	108613	chr18	108531	108686	155
chr18	108565	108633	chr18	108531	108686	155
chr18	108601	108667	chr18	108531	108686	155
chr18	108784	110630	chr18	109883	110291	408
chr18	108797	110369	chr18	109883	110291	408
chr18	109277	109757	chr18	109337	109474	137
chr18	109277	111123	chr18	109883	110291	408
chr18	109286	110175	chr18	109883	110291	408
chr18	109293	110182	chr18	109883	110291	408
chr18	109313	109382	chr18	109337	109474	137
chr18	109315	109397	chr18	109337	109474	137
chr18	109315	109398	chr18	109337	109474	137
chr18	109318	109387	chr18	109337	109474	137
chr18	109322	109391	chr18	109337	109474	137
chr18	109322	109397	chr18	109337	109474	137
chr18	109323	109392	chr18	109337	109474	137
chr18	109324	109398	chr18	109337	109474	137
chr18	109325	109394	chr18	109337	109474	137
chr18	109338	109407	chr18	109337	109474	137
chr18	109345	109414	chr18	109337	109474	137
chr18	109348	109417	chr18	109337	109474	137
chr18	109354	109423	chr18	109337	109474	137
chr18	109463	109737	chr18	109568	109635	67
chr18	109699	111065	chr18	109883	110291	408
chr18	109908	110593	chr18	109883	110291	408
chr18	109913	110598	chr18	109883	110291	408
chr18	109945	110630	chr18	109883	110291	408
chr18	110089	110432	chr18	109883	110291	408
chr18	312610	312706	chr18	312676	312772	96
chr18	29520547	29520874	chr18	29520505	29520701	196
chr19	2247087	2247165	chr19	2247128	2247209	81
chr19	27886659	27887170	chr19	27886918	27887260	342
chr19	30113515	30113568	chr19	30113501	30113576	75
chr19	45054537	45054605	chr19	45054526	45054580	54
chr2	2523829	2523881	chr2	2523850	2523902	52
chr2	8602235	8602287	chr2	8602273	8602325	52
chr2	49862551	49862615	chr2	49862552	49862616	64
chr2	89850539	89850614	chr2	89850534	89850630	96
chr2	133025157	133025211	chr2	133025151	133025207	56
chr2	133025158	133025212	chr2	133025151	133025207	56
chr2	133025164	133025218	chr2	133025151	133025207	56
chr2	133026967	133027017	chr2	133026969	133027132	163
chr2	134650573	134650625	chr2	134650604	134650656	52
chr2	231301581	231301641	chr2	231301594	231301654	60
chr2	665621	665676	chr2	665664	665719	55
chr2	24487544	24487632	chr2	24487547	24487636	89
chr2	59769588	59769659	chr2	59769633	59769704	71
chr2	71564775	71564884	chr2	71564858	71564967	109
chr2	71890065	71890160	chr2	71890138	71890233	95
chr2	81586307	81586387	chr2	81586319	81586407	88
chr2	118629373	118629475	chr2	118629381	118629483	102
chr2	132995248	133002048	chr2	132997763	132999180	1417
chr2	132997270	133004780	chr2	133002415	133005501	3086
chr2	133024075	133024295	chr2	133024053	133024138	85
chr2	133024090	133028974	chr2	133026540	133032363	5823
chr2	133024621	133028458	chr2	133026540	133032363	5823
chr2	133024625	133029288	chr2	133026540	133032363	5823
chr2	133024627	133028185	chr2	133026540	133032363	5823
chr2	133024830	133029224	chr2	133026540	133032363	5823
chr2	133024935	133028382	chr2	133026540	133032363	5823
chr2	133026734	133030693	chr2	133026540	133032363	5823
chr2	133026734	133030693	chr2	133029022	133030494	1472
chr2	133026949	133027270	chr2	133026969	133027132	163
chr2	133026966	133027044	chr2	133026969	133027132	163
chr2	133026977	133027032	chr2	133026969	133027132	163
chr2	133026977	133027052	chr2	133026969	133027132	163
chr2	133026984	133028514	chr2	133026540	133032363	5823
chr2	133027091	133027149	chr2	133026969	133027132	163
chr2	191002547	191002633	chr2	191002607	191002694	87
chr2	195218653	195218726	chr2	195218662	195218736	74
chr2	221388437	221388527	chr2	221388503	221388593	90
chr20	10304569	10304713	chr20	10304667	10304811	144
chr20	24662735	24662793	chr20	24662702	24662760	58
chr20	33628861	33628957	chr20	33628932	33629028	96
chr20	59014066	59014142	chr20	59014067	59014143	76
chr20	60032776	60033462	chr20	60033276	60033962	686
chr20	62709530	62709634	chr20	62709608	62709712	104
chr21	10698754	10700632	chr21	10700030	10702416	2386
chr21	10706449	10706962	chr21	10706493	10706997	504
chr21	10710601	10710772	chr21	10710541	10710902	361
chr21	10744545	10751384	chr21	10749525	10751435	1910
chr21	10744545	10751384	chr21	10744860	10748626	3766
chr21	10749456	10752358	chr21	10749525	10751435	1910
chr21	10749931	10752492	chr21	10749525	10751435	1910
chr21	10851823	10851963	chr21	10851789	10851900	111
chr21	33855241	33855309	chr21	33855284	33855352	68
chr21	42750168	42750251	chr21	42750167	42750250	83
chr22	18879966	18883731	chr22	18880785	18881766	981
chr22	18880178	18883943	chr22	18880785	18881766	981
chr22	18880231	18883996	chr22	18880785	18881766	981
chr3	43972634	43972700	chr3	43972635	43972701	66
chr3	1032377	1032713	chr3	1032386	1032702	316
chr3	17817429	17817509	chr3	17817486	17817566	80
chr3	22207597	22207669	chr3	22207644	22207716	72
chr3	47358066	47358138	chr3	47358011	47358191	180
chr3	54553047	54553131	chr3	54553048	54553133	85
chr3	66763769	66763906	chr3	66763773	66763910	137
chr3	77237266	77237356	chr3	77237334	77237424	90
chr3	98428828	98428905	chr3	98428881	98428958	77
chr3	100737222	100737305	chr3	100737282	100737365	83
chr3	181870921	181871051	chr3	181871025	181871155	130
chr3	195429509	195429627	chr3	195429571	195429678	107
chr4	49112715	49112765	chr4	49112681	49112759	78
chr4	98967141	98967196	chr4	98967142	98967197	55
chr4	3295451	3295593	chr4	3295540	3295682	142
chr4	7726360	7726556	chr4	7726321	7726643	322
chr4	49294215	49294362	chr4	49294187	49294910	723
chr4	49294217	49294508	chr4	49294187	49294910	723
chr4	49318477	49318768	chr4	49318369	49319105	736
chr4	49318656	49318947	chr4	49318369	49319105	736
chr4	49318703	49318994	chr4	49318369	49319105	736
chr4	52948111	52948258	chr4	52948119	52948267	148
chr4	143206574	143206635	chr4	143206618	143206679	61
chr4	157581699	157581836	chr4	157581751	157581888	137
chr4	170708307	170708456	chr4	170708416	170708565	149
chr4	189427049	189427169	chr4	189427120	189427240	120
chr4	189790615	189790708	chr4	189790648	189790741	93
chr4	190538370	190538438	chr4	190538396	190538606	210
chr4	190552611	190552680	chr4	190552630	190552733	103
chr4	190646913	190646981	chr4	190646945	190647037	92
chr5	13598669	13598725	chr5	13598687	13598855	168
chr5	143136114	143136164	chr5	143136138	143136188	50
chr5	3323754	3324333	chr5	3323729	3324754	1025
chr5	3728165	3728227	chr5	3728194	3728260	66
chr5	5931150	5931224	chr5	5931183	5931331	148
chr5	17920745	17920799	chr5	17920773	17920893	120
chr5	26864301	26864365	chr5	26864343	26864407	64
chr5	49429018	49436681	chr5	49431432	49433359	1927
chr5	49429018	49436681	chr5	49432678	49435189	2511
chr5	49429018	49436681	chr5	49435030	49437447	2417
chr5	49429080	49436743	chr5	49431432	49433359	1927
chr5	49429080	49436743	chr5	49432678	49435189	2511
chr5	49429080	49436743	chr5	49435030	49437447	2417
chr5	49429106	49436768	chr5	49431432	49433359	1927
chr5	49429106	49436768	chr5	49432678	49435189	2511
chr5	49429106	49436768	chr5	49435030	49437447	2417
chr5	49429107	49436770	chr5	49431432	49433359	1927
chr5	49429107	49436770	chr5	49432678	49435189	2511
chr5	49429107	49436770	chr5	49435030	49437447	2417
chr5	49429157	49436820	chr5	49431432	49433359	1927
chr5	49429157	49436820	chr5	49432678	49435189	2511
chr5	49429157	49436820	chr5	49435030	49437447	2417
chr5	49429161	49436824	chr5	49431432	49433359	1927
chr5	49429161	49436824	chr5	49432678	49435189	2511
chr5	49429161	49436824	chr5	49435030	49437447	2417
chr5	49429187	49436850	chr5	49431432	49433359	1927
chr5	49429187	49436850	chr5	49432678	49435189	2511
chr5	49429187	49436850	chr5	49435030	49437447	2417
chr5	49429211	49436874	chr5	49431432	49433359	1927
chr5	49429211	49436874	chr5	49432678	49435189	2511
chr5	49429211	49436874	chr5	49435030	49437447	2417
chr5	49429301	49436964	chr5	49431432	49433359	1927
chr5	49429301	49436964	chr5	49432678	49435189	2511
chr5	49429301	49436964	chr5	49435030	49437447	2417
chr5	49429469	49437132	chr5	49431432	49433359	1927
chr5	49429469	49437132	chr5	49432678	49435189	2511
chr5	49429469	49437132	chr5	49435030	49437447	2417
chr5	49429474	49437137	chr5	49431432	49433359	1927
chr5	49429474	49437137	chr5	49432678	49435189	2511
chr5	49429474	49437137	chr5	49435030	49437447	2417
chr5	49429479	49437142	chr5	49431432	49433359	1927
chr5	49429479	49437142	chr5	49432678	49435189	2511
chr5	49429479	49437142	chr5	49435030	49437447	2417
chr5	49429521	49437184	chr5	49431432	49433359	1927
chr5	49429521	49437184	chr5	49432678	49435189	2511
chr5	49429521	49437184	chr5	49435030	49437447	2417
chr5	49429527	49437190	chr5	49431432	49433359	1927
chr5	49429527	49437190	chr5	49432678	49435189	2511
chr5	49429527	49437190	chr5	49435030	49437447	2417
chr5	49429577	49437240	chr5	49431432	49433359	1927
chr5	49429577	49437240	chr5	49432678	49435189	2511
chr5	49429577	49437240	chr5	49435030	49437447	2417
chr5	49429589	49437252	chr5	49431432	49433359	1927
chr5	49429589	49437252	chr5	49432678	49435189	2511
chr5	49429589	49437252	chr5	49435030	49437447	2417
chr5	49429599	49437262	chr5	49431432	49433359	1927
chr5	49429599	49437262	chr5	49432678	49435189	2511
chr5	49429599	49437262	chr5	49435030	49437447	2417
chr5	49429647	49437308	chr5	49431432	49433359	1927
chr5	49429647	49437308	chr5	49432678	49435189	2511
chr5	49429647	49437308	chr5	49435030	49437447	2417
chr5	49439598	49441302	chr5	49439019	49440807	1788
chr5	168759819	168759954	chr5	168759902	168760037	135
chr6	52736233	52736292	chr6	52736251	52736310	59
chr6	88579090	88579140	chr6	88579120	88579170	50
chr6	168537627	168537679	chr6	168537628	168537680	52
chr6	1053995	1054252	chr6	1054016	1054682	666
chr6	34040280	34041014	chr6	34039355	34040934	1579
chr6	35754560	35766785	chr6	35758099	35782588	24489
chr6	58776206	58779263	chr6	58778519	58781073	2554
chr6	58776207	58779264	chr6	58778519	58781073	2554
chr6	58776211	58779268	chr6	58778519	58781073	2554
chr6	58776238	58779295	chr6	58778519	58781073	2554
chr6	58776239	58779296	chr6	58778519	58781073	2554
chr6	58776244	58779301	chr6	58778519	58781073	2554
chr6	58776252	58779309	chr6	58778519	58781073	2554
chr6	58776271	58779328	chr6	58778519	58781073	2554
chr6	58776295	58779352	chr6	58778519	58781073	2554
chr6	58776301	58779358	chr6	58778519	58781073	2554
chr6	58776304	58779361	chr6	58778519	58781073	2554
chr6	58776305	58779362	chr6	58778519	58781073	2554
chr6	58776306	58779363	chr6	58778519	58781073	2554
chr6	58776310	58779367	chr6	58778519	58781073	2554
chr6	58776311	58779368	chr6	58778519	58781073	2554
chr6	58776312	58779369	chr6	58778519	58781073	2554
chr6	58776320	58779377	chr6	58778519	58781073	2554
chr6	58776337	58779394	chr6	58778519	58781073	2554
chr6	58776339	58779396	chr6	58778519	58781073	2554
chr6	58776340	58779397	chr6	58778519	58781073	2554
chr6	58776355	58779412	chr6	58778519	58781073	2554
chr6	58776365	58779422	chr6	58778519	58781073	2554
chr6	58776372	58779429	chr6	58778519	58781073	2554
chr6	58776373	58779430	chr6	58778519	58781073	2554
chr6	58776407	58779464	chr6	58778519	58781073	2554
chr6	58776414	58779471	chr6	58778519	58781073	2554
chr6	58776419	58779476	chr6	58778519	58781073	2554
chr6	58776438	58779495	chr6	58778519	58781073	2554
chr6	58776444	58779501	chr6	58778519	58781073	2554
chr6	58776447	58779504	chr6	58778519	58781073	2554
chr6	58776455	58779512	chr6	58778519	58781073	2554
chr6	58776470	58779527	chr6	58778519	58781073	2554
chr6	58776511	58779060	chr6	58778519	58781073	2554
chr6	58776515	58779064	chr6	58778519	58781073	2554
chr6	58776533	58779081	chr6	58778519	58781073	2554
chr6	58776535	58779083	chr6	58778519	58781073	2554
chr6	58776537	58779085	chr6	58778519	58781073	2554
chr6	58776540	58779088	chr6	58778519	58781073	2554
chr6	58776544	58779092	chr6	58778519	58781073	2554
chr6	58776564	58779112	chr6	58778519	58781073	2554
chr6	58776575	58779123	chr6	58778519	58781073	2554
chr6	58776587	58779135	chr6	58778519	58781073	2554
chr6	58776592	58779140	chr6	58778519	58781073	2554
chr6	58776599	58779147	chr6	58778519	58781073	2554
chr6	58776612	58779160	chr6	58778519	58781073	2554
chr6	58776613	58779161	chr6	58778519	58781073	2554
chr6	58776618	58779166	chr6	58778519	58781073	2554
chr6	58776631	58779179	chr6	58778519	58781073	2554
chr6	58776646	58779194	chr6	58778519	58781073	2554
chr6	58776649	58779197	chr6	58778519	58781073	2554
chr6	58776651	58779199	chr6	58778519	58781073	2554
chr6	58776681	58779225	chr6	58778519	58781073	2554
chr6	58776686	58779234	chr6	58778519	58781073	2554
chr6	58776687	58779235	chr6	58778519	58781073	2554
chr6	58776689	58779237	chr6	58778519	58781073	2554
chr6	58776698	58779246	chr6	58778519	58781073	2554
chr6	58776745	58779293	chr6	58778519	58781073	2554
chr6	58776747	58779295	chr6	58778519	58781073	2554
chr6	58776809	58779866	chr6	58778519	58781073	2554
chr6	117798627	117798738	chr6	117798715	117798826	111
chr6	122161670	122161774	chr6	122161750	122161854	104
chr6	143693462	143693555	chr6	143693524	143693617	93
chr6	166829611	166829682	chr6	166829643	166829832	189
chr6	169025333	169025424	chr6	169025388	169025479	91
chr6	170410402	170410473	chr6	170410455	170410526	71
chr6	171021282	171021386	chr6	171021309	171021513	204
chr7	11284847	11284898	chr7	11284848	11284899	51
chr7	69996119	69996170	chr7	69996144	69996195	51
chr7	100551003	100551054	chr7	100550998	100551100	102
chr7	157679518	157679569	chr7	157679519	157679570	51
chr7	54817063	54817148	chr7	54817122	54817216	94
chr7	61381788	61381959	chr7	61381652	61381823	171
chr7	61745416	61746128	chr7	61745931	61746216	285
chr7	68414169	68414306	chr7	68414170	68414307	137
chr7	138604928	138604979	chr7	138604893	138605148	255
chr7	154944746	154944825	chr7	154944795	154944874	79
chr7	155000628	155000703	chr7	155000421	155000719	298
chr7	157273161	157273217	chr7	157273201	157273264	63
chr7	158203529	158203623	chr7	158203594	158203688	94
chr8	5520481	5520531	chr8	5520500	5520574	74
chr8	25320064	25320114	chr8	25320093	25320143	50
chr8	103880131	103880185	chr8	103880132	103880186	54
chr8	1197184	1197283	chr8	1197232	1197380	148
chr8	12064783	12064865	chr8	12064813	12064932	119
chr8	43827047	43827388	chr8	43827198	43827880	682
chr8	43827047	43828402	chr8	43827198	43827880	682
chr8	58116371	58123051	chr8	58118269	58122297	4028
chr8	58116493	58127598	chr8	58118269	58122297	4028
chr8	58116571	58127707	chr8	58118269	58122297	4028
chr8	58116792	58127923	chr8	58118269	58122297	4028
chr8	58118434	58128190	chr8	58118269	58122297	4028
chr8	58122438	58126817	chr8	58123050	58124058	1008
chr8	110077362	110077472	chr8	110077382	110077494	112
chr8	135879909	135880023	chr8	135879984	135880097	113
chr9	114736428	114736480	chr9	114736433	114736485	52
chr9	125536128	125536189	chr9	125536129	125536190	61
chr9	2814057	2814257	chr9	2814119	2814319	200
chr9	22903887	22903999	chr9	22903912	22904024	112
chr9	34681480	34681976	chr9	34681649	34682144	495
chr9	66794216	66833838	chr9	66816675	66828301	11626
chr9	66794216	66833838	chr9	66824027	66832771	8744
chr9	66794217	66833839	chr9	66816675	66828301	11626
chr9	66794217	66833839	chr9	66824027	66832771	8744
chr9	66817477	66821060	chr9	66816675	66828301	11626
chr9	66840632	66851819	chr9	66847755	66855248	7493
chr9	66971010	66972307	chr9	66971616	66972154	538
chr9	66971182	66973574	chr9	66971616	66972154	538
chr9	66971334	66986130	chr9	66978107	66981869	3762
chr9	66971859	66972370	chr9	66971616	66972154	538
chr9	68416166	68416241	chr9	68416218	68416292	74
chr9	69959207	69959547	chr9	69958848	69959361	513
chr9	76860921	76860989	chr9	76860963	76861031	68
chr9	83187757	83188079	chr9	83187922	83188244	322
chrX	43887555	43887625	chrX	43887588	43887664	76
chrX	61720922	61721918	chrX	61720485	61722546	2061
chrX	61720922	61725025	chrX	61720485	61722546	2061
chrX	88460914	88462475	chrX	88460990	88462066	1076
chrX	100108326	100108399	chrX	100108322	100108447	125
