chr1	7924945	7924998	chr1	7924945	7925036	91
chr1	55334337	55334389	chr1	55334339	55334391	52
chr1	101724123	101724191	chr1	101724129	101724205	76
chr1	151905214	151905314	chr1	151905216	151905316	100
chr1	227937451	227937520	chr1	227937450	227937518	68
chr2	172664713	172664823	chr2	172664713	172664823	110
chr3	104999610	104999736	chr3	104999592	104999721	129
chr3	176079546	176079626	chr3	176079525	176079609	84
chr3	195487330	195487443	chr3	195487332	195487483	151
chr3	195487364	195487440	chr3	195487332	195487483	151
chr5	18171827	18171889	chr5	18171829	18171891	62
chr5	35841832	35841978	chr5	35841928	35841988	60
chr5	58496085	58496149	chr5	58496053	58496147	94
chr5	100422670	100422902	chr5	100422817	100422877	60
chr5	107045449	107045755	chr5	107045547	107045673	126
chr6	41705861	41705967	chr6	41705856	41705962	106
chr6	167928478	167928700	chr6	167928592	167928701	109
chr7	19534629	19534825	chr7	19534716	19534768	52
chr7	33708273	33708407	chr7	33708275	33708409	134
chr7	138300258	138300497	chr7	138300260	138300499	239
chr8	67195735	67195791	chr8	67195732	67195792	60
chr9	77524150	77524337	chr9	77524152	77524339	187
chr9	140495524	140495756	chr9	140495535	140495767	232
chr10	133260759	133260815	chr10	133260736	133260792	56
chr12	128181066	128181194	chr12	128181072	128181200	128
chr16	8161738	8161822	chr16	8161744	8161828	84
chr16	31327359	31327551	chr16	31327360	31327548	188
chr17	75242053	75242221	chr17	75242055	75242223	168
chr19	53235569	53235874	chr19	53235619	53235827	208
chr20	33621655	33621977	chr20	33621657	33621979	322
chr20	60948074	60948362	chr20	60948264	60948328	64
