chr1	104990433	104990790	chr1	104990678	104991030	352
chr1	149032263	149032295	chr1	149032219	149032291	72
chr1	149033949	149034589	chr1	149033784	149035707	1923
chr1	2626358	2628161	chr1	2626532	2626900	368
chr10	17633777	17633833	chr10	17633780	17633832	52
chr14	29031314	29031385	chr14	29031317	29031384	67
chr18	3016161	3016218	chr18	3016164	3016217	53
chr2	45338978	45339035	chr2	45338981	45339034	53
chr3	124753030	124753092	chr3	124753028	124753078	50
chr6	168537623	168537683	chr6	168537628	168537680	52
chr7	11284842	11284903	chr7	11284848	11284899	51
chr8	103880127	103880189	chr8	103880132	103880186	54
chr9	32818844	32818907	chr9	32818843	32818904	61
