chr1	4155132	4155475	chr1	4155148	4155462	314
chr1	10482455	10483805	chr1	10483502	10483792	290
chr1	11525218	11525297	chr1	11525238	11525291	53
chr1	11682892	11683192	chr1	11682893	11683181	288
chr1	14436345	14436661	chr1	14436352	14436657	305
chr1	24402959	24403329	chr1	24402987	24403307	320
chr1	25158670	25161527	chr1	25158689	25161511	2822
chr1	28247790	28248118	chr1	28247805	28248113	308
chr1	30298140	30298217	chr1	30298142	30298194	52
chr1	36749163	36749324	chr1	36749219	36749271	52
chr1	38208241	38208413	chr1	38208247	38208410	163
chr1	43562741	43562798	chr1	43562731	43562781	50
chr1	43857439	43857808	chr1	43857457	43857796	339
chr1	44565498	44565606	chr1	44565500	44565569	69
chr1	56831087	56834981	chr1	56831108	56834963	3855
chr1	58743903	58744829	chr1	58744479	58744813	334
chr1	62589446	62589502	chr1	62589439	62589490	51
chr1	63151803	63152175	chr1	63151821	63152159	338
chr1	63705345	63708158	chr1	63705358	63708148	2790
chr1	70027321	70027687	chr1	70027310	70027669	359
chr1	70768094	70768452	chr1	70768113	70768436	323
chr1	70946172	70946538	chr1	70946194	70946521	327
chr1	73753592	73753924	chr1	73753602	73753917	315
chr1	74312429	74312685	chr1	74312427	74312679	252
chr1	74755165	74755293	chr1	74755170	74755291	121
chr1	76768706	76768811	chr1	76768721	76768799	78
chr1	77100356	77100660	chr1	77100368	77100654	286
chr1	79401489	79401850	chr1	79401510	79401832	322
chr1	81404741	81410965	chr1	81404759	81410950	6191
chr1	82085244	82085304	chr1	82085250	82085301	51
chr1	82963277	82963630	chr1	82963290	82963615	325
chr1	83149848	83149911	chr1	83149851	83149909	58
chr1	85748605	85748966	chr1	85748622	85748952	330
chr1	86400849	86404537	chr1	86400852	86404537	3685
chr1	86405774	86406135	chr1	86405792	86406121	329
chr1	86740972	86741706	chr1	86741500	86741709	209
chr1	91624753	91625073	chr1	91624770	91625056	286
chr1	92681351	92681408	chr1	92681353	92681405	52
chr1	94251448	94251782	chr1	94251460	94251773	313
chr1	95690495	95690845	chr1	95690510	95690829	319
chr1	99179938	99180054	chr1	99179943	99180051	108
chr1	101724126	101724208	chr1	101724129	101724205	76
chr1	103096048	103096402	chr1	103096067	103096386	319
chr1	104443198	104443727	chr1	104443201	104443729	528
chr1	112074689	112074811	chr1	112074696	112074807	111
chr1	113611302	113613798	chr1	113611324	113613779	2455
chr1	113799623	113800096	chr1	113799630	113800093	463
chr1	113799623	113800096	chr1	113799630	113800093	463
chr1	115043507	115043846	chr1	115043522	115043834	312
chr1	115796872	115797189	chr1	115796890	115797176	286
chr1	144894124	144895137	chr1	144894749	144895595	846
chr1	148855237	148855742	chr1	148855399	148855709	310
chr1	150037830	150037911	chr1	150037844	150037900	56
chr1	150691417	150691788	chr1	150691437	150691771	334
chr1	157540659	157540879	chr1	157540651	157540866	215
chr1	158629353	158629718	chr1	158629379	158629709	330
chr1	158851665	158851770	chr1	158851665	158851722	57
chr1	159648705	159649660	chr1	159648709	159648974	265
chr1	171783586	171783651	chr1	171783588	171783650	62
chr1	182674676	182674864	chr1	182674681	182674862	181
chr1	184814712	184820801	chr1	184814730	184820786	6056
chr1	184937020	184937377	chr1	184937039	184937361	322
chr1	185373085	185373446	chr1	185373098	185373436	338
chr1	188539450	188540234	chr1	188539984	188540241	257
chr1	188994930	188995302	chr1	188994948	188995282	334
chr1	190837315	190837495	chr1	190837321	190837492	171
chr1	193235429	193235659	chr1	193235425	193235652	227
chr1	194060077	194060245	chr1	194060081	194060244	163
chr1	196158032	196158338	chr1	196158048	196158326	278
chr1	197500495	197503285	chr1	197500510	197503273	2763
chr1	199438708	199440252	chr1	199438728	199440235	1507
chr1	204177498	204177571	chr1	204177507	204177565	58
chr1	208862779	208862863	chr1	208862791	208862854	63
chr1	213002364	213013670	chr1	213002370	213013667	11297
chr1	218182473	218188610	chr1	218182490	218188596	6106
chr1	218785895	218786252	chr1	218785911	218786236	325
chr1	220226022	220226111	chr1	220226027	220226109	82
chr1	222034125	222034494	chr1	222034145	222034477	332
chr1	224392807	224393149	chr1	224392821	224393136	315
chr1	225256516	225256817	chr1	225256533	225256803	270
chr1	227482248	227482599	chr1	227482265	227482589	324
chr1	229812528	229820842	chr1	229812535	229820838	8303
chr1	232775516	232775857	chr1	232775531	232775845	314
chr1	232836572	232836763	chr1	232836577	232836761	184
chr1	236054558	236054931	chr1	236054577	236054915	338
chr1	236594910	236595266	chr1	236594929	236595256	327
chr1	240616972	240617333	chr1	240616991	240617314	323
chr1	241149838	241150200	chr1	241149857	241150183	326
chr1	246969895	246969992	chr1	246969898	246969990	92
chr1	247850448	247856530	chr1	247850464	247856517	6053
chr2	1203921	1204022	chr2	1203911	1203983	72
chr2	2798768	2799247	chr2	2798762	2799231	469
chr2	2798768	2799247	chr2	2798762	2799231	469
chr2	4781270	4787378	chr2	4781293	4787358	6065
chr2	6393321	6393383	chr2	6393337	6393549	212
chr2	8616774	8617122	chr2	8616797	8617106	309
chr2	16251093	16251446	chr2	16251091	16251416	325
chr2	25227610	25227946	chr2	25227622	25227937	315
chr2	28353910	28354258	chr2	28353919	28354249	330
chr2	28661663	28661721	chr2	28661667	28661720	53
chr2	29999219	29999305	chr2	29999226	29999301	75
chr2	33091712	33095639	chr2	33091729	33095625	3896
chr2	39071463	39071834	chr2	39071479	39071821	342
chr2	40882491	40882563	chr2	40882491	40882558	67
chr2	41973125	41975882	chr2	41973143	41975867	2724
chr2	43359712	43359819	chr2	43359737	43359797	60
chr2	44636219	44636338	chr2	44636221	44636309	88
chr2	46312692	46312952	chr2	46312698	46312949	251
chr2	46433766	46433961	chr2	46433784	46433946	162
chr2	48990523	48991167	chr2	48990538	48990957	419
chr2	51973826	51974238	chr2	51973823	51974240	417
chr2	51973826	51974238	chr2	51973823	51974240	417
chr2	56071103	56071402	chr2	56071109	56071399	290
chr2	57342713	57343073	chr2	57342727	57343054	327
chr2	59644939	59645000	chr2	59644935	59644985	50
chr2	62457088	62457438	chr2	62457101	62457428	327
chr2	65807493	65807832	chr2	65807511	65807816	305
chr2	78117888	78118360	chr2	78117890	78118356	466
chr2	79057635	79057996	chr2	79057649	79057985	336
chr2	84758426	84758748	chr2	84758434	84758729	295
chr2	85326958	85327290	chr2	85326972	85327280	308
chr2	85335343	85335690	chr2	85335355	85335675	320
chr2	88018909	88018988	chr2	88018912	88018981	69
chr2	88320965	88321219	chr2	88320970	88321217	247
chr2	88429831	88430160	chr2	88429847	88429944	97
chr2	91670741	91670807	chr2	91670750	91670901	151
chr2	91671008	91671072	chr2	91670969	91671090	121
chr2	101975191	101975549	chr2	101975209	101975545	336
chr2	102097821	102098183	chr2	102097839	102098168	329
chr2	117893036	117893404	chr2	117893052	117893391	339
chr2	118881404	118882289	chr2	118881998	118882294	296
chr2	122623754	122623811	chr2	122623756	122623810	54
chr2	124170252	124170588	chr2	124170254	124170589	335
chr2	126443242	126451837	chr2	126443249	126451833	8584
chr2	127674753	127677276	chr2	127674758	127677274	2516
chr2	128737067	128737169	chr2	128737075	128737164	89
chr2	132335215	132335342	chr2	132335227	132335333	106
chr2	133024500	133024933	chr2	133024767	133024913	146
chr2	134544256	134544625	chr2	134544279	134544613	334
chr2	134966682	134970149	chr2	134966702	134970132	3430
chr2	139942325	139942400	chr2	139942339	139942389	50
chr2	142350992	142351330	chr2	142351000	142351321	321
chr2	151903076	151903367	chr2	151903085	151903361	276
chr2	152617274	152617618	chr2	152617292	152617498	206
chr2	153153395	153153495	chr2	153153403	153153490	87
chr2	156188097	156188310	chr2	156188114	156188296	182
chr2	158719069	158719413	chr2	158719087	158719398	311
chr2	160149105	160151661	chr2	160149119	160151650	2531
chr2	161795589	161795936	chr2	161795602	161795926	324
chr2	162332262	162334047	chr2	162332269	162334043	1774
chr2	168895789	168896144	chr2	168895806	168896129	323
chr2	169606127	169606212	chr2	169606133	169606209	76
chr2	172664708	172664825	chr2	172664713	172664823	110
chr2	173148038	173148098	chr2	173148040	173148096	56
chr2	174151714	174152062	chr2	174151745	174152047	302
chr2	175090609	175090962	chr2	175090627	175090947	320
chr2	176346653	176352737	chr2	176346670	176352723	6053
chr2	178287636	178288050	chr2	178287638	178288049	411
chr2	181453901	181454638	chr2	181454313	181454588	275
chr2	181925816	181926161	chr2	181925829	181926154	325
chr2	182355958	182356300	chr2	182355973	182356289	316
chr2	182565221	182565588	chr2	182565246	182565575	329
chr2	184249950	184250326	chr2	184249966	184250310	344
chr2	188215705	188216039	chr2	188215722	188216029	307
chr2	193355393	193355720	chr2	193355405	193355710	305
chr2	194689499	194698768	chr2	194689503	194698767	9264
chr2	196031297	196031627	chr2	196031312	196031619	307
chr2	196605316	196605393	chr2	196605310	196605376	66
chr2	200312454	200312681	chr2	200312453	200312678	225
chr2	205185251	205185322	chr2	205185253	205185317	64
chr2	206845193	206845320	chr2	206845200	206845316	116
chr2	208567225	208567524	chr2	208567226	208567524	298
chr2	209061144	209061491	chr2	209061159	209061479	320
chr2	212551229	212551559	chr2	212551247	212551543	296
chr2	212700041	212700119	chr2	212700042	212700115	73
chr2	214775191	214775525	chr2	214775208	214775512	304
chr2	215728757	215730836	chr2	215728763	215730833	2070
chr2	217089916	217092513	chr2	217089932	217092500	2568
chr2	220321614	220321685	chr2	220321616	220321684	68
chr2	223760164	223762686	chr2	223760180	223762673	2493
chr2	223797348	223797686	chr2	223797355	223797677	322
chr2	231325278	231325654	chr2	231325295	231325640	345
chr2	231401461	231401524	chr2	231401463	231401523	60
chr2	231996156	231996521	chr2	231996178	231996505	327
chr2	238962614	238962737	chr2	238962628	238962724	96
chr2	239902379	239902572	chr2	239902390	239902564	174
chr3	1629478	1629546	chr3	1629480	1629539	59
chr3	2311579	2311942	chr3	2311588	2311936	348
chr3	2633010	2633364	chr3	2633028	2633349	321
chr3	3873190	3873548	chr3	3873206	3873535	329
chr3	4066909	4069571	chr3	4066926	4069557	2631
chr3	10821755	10821923	chr3	10821758	10821921	163
chr3	12196499	12196591	chr3	12196519	12196574	55
chr3	17731662	17732028	chr3	17731691	17732013	322
chr3	21457485	21457833	chr3	21457502	21457821	319
chr3	24090773	24091056	chr3	24090791	24091046	255
chr3	26786688	26787043	chr3	26786712	26787029	317
chr3	32940754	32940859	chr3	32940760	32940856	96
chr3	36108104	36108453	chr3	36108121	36108439	318
chr3	42838337	42840830	chr3	42838358	42840812	2454
chr3	43031077	43031436	chr3	43031094	43031422	328
chr3	46045870	46046129	chr3	46045868	46046123	255
chr3	47490662	47493446	chr3	47490669	47493442	2773
chr3	49494262	49494620	chr3	49494276	49494607	331
chr3	52709824	52710186	chr3	52709839	52710174	335
chr3	59792381	59792462	chr3	59792393	59792454	61
chr3	67493681	67496814	chr3	67493697	67496801	3104
chr3	75367116	75367204	chr3	75367121	75367202	81
chr3	83853101	83855364	chr3	83853117	83855351	2234
chr3	86213399	86213725	chr3	86213404	86213724	320
chr3	90459265	90460651	chr3	90459452	90460806	1354
chr3	99037435	99037768	chr3	99037445	99037762	317
chr3	102283759	102284128	chr3	102283774	102284114	340
chr3	103308590	103308667	chr3	103308594	103308666	72
chr3	103431667	103431773	chr3	103431678	103431765	87
chr3	104999592	104999755	chr3	104999592	104999721	129
chr3	106813618	106813797	chr3	106813627	106813791	164
chr3	118281605	118281827	chr3	118281605	118281824	219
chr3	123236734	123237074	chr3	123236752	123237069	317
chr3	124890043	124890826	chr3	124890054	124890809	755
chr3	126358904	126359268	chr3	126358922	126359251	329
chr3	130347552	130353123	chr3	130347568	130353110	5542
chr3	131677788	131678158	chr3	131677803	131678147	344
chr3	132776266	132776323	chr3	132776271	132776321	50
chr3	133578556	133578647	chr3	133578561	133578645	84
chr3	139230572	139230629	chr3	139230575	139230625	50
chr3	144693108	144693239	chr3	144693112	144693238	126
chr3	145236006	145236087	chr3	145236009	145236069	60
chr3	146385184	146394866	chr3	146385653	146390379	4726
chr3	148969913	148970005	chr3	148969925	148969999	74
chr3	152700162	152700386	chr3	152700170	152700381	211
chr3	153534932	153535293	chr3	153534934	153535285	351
chr3	154096717	154097070	chr3	154096738	154097058	320
chr3	156092169	156093685	chr3	156092164	156092493	329
chr3	158116884	158117262	chr3	158116905	158117244	339
chr3	162408280	162408629	chr3	162408300	162408614	314
chr3	163464157	163464484	chr3	163464169	163464475	306
chr3	165472009	165472166	chr3	165472013	165472166	153
chr3	168738451	168738839	chr3	168738454	168738834	380
chr3	170119547	170119895	chr3	170119561	170119874	313
chr3	172796833	172797105	chr3	172796840	172797097	257
chr3	177896494	177896557	chr3	177896485	177896541	56
chr3	178550124	178550878	chr3	178550134	178550869	735
chr3	186580994	186585306	chr3	186581017	186585286	4269
chr3	186826644	186826981	chr3	186826657	186826972	315
chr3	188304812	188305184	chr3	188304837	188305173	336
chr3	189575873	189576238	chr3	189575896	189576217	321
chr3	191856071	191856438	chr3	191856087	191856425	338
chr3	192063167	192063506	chr3	192063183	192063493	310
chr3	194121155	194121931	chr3	194121166	194121924	758
chr3	197734279	197734353	chr3	197734285	197734350	65
chr4	1086776	1086829	chr4	1086778	1086828	50
chr4	1602950	1603676	chr4	1603499	1603673	174
chr4	3611627	3611793	chr4	3611636	3611772	136
chr4	7635506	7635858	chr4	7635528	7635854	326
chr4	9573056	9573177	chr4	9573064	9573172	108
chr4	9576975	9577451	chr4	9576972	9577442	470
chr4	12110838	12110986	chr4	12110838	12110929	91
chr4	13234509	13234600	chr4	13234497	13234557	60
chr4	16426931	16427012	chr4	16426945	16426999	54
chr4	17202746	17203077	chr4	17202760	17203074	314
chr4	19079433	19085568	chr4	19079452	19085552	6100
chr4	19357572	19357639	chr4	19357575	19357639	64
chr4	20407534	20408532	chr4	20407542	20407756	214
chr4	20407534	20408532	chr4	20408099	20408544	445
chr4	21694729	21694853	chr4	21694731	21694849	118
chr4	22502062	22502165	chr4	22502066	22502164	98
chr4	23721643	23722007	chr4	23721666	23721987	321
chr4	25497134	25497480	chr4	25497152	25497465	313
chr4	28421587	28421944	chr4	28421592	28421942	350
chr4	31205801	31206149	chr4	31205812	31206138	326
chr4	31338478	31338696	chr4	31338488	31338682	194
chr4	31355170	31355265	chr4	31355171	31355259	88
chr4	31406667	31407015	chr4	31406673	31407004	331
chr4	31492858	31493305	chr4	31492867	31493304	437
chr4	36842731	36843105	chr4	36842748	36843091	343
chr4	39400098	39400170	chr4	39400105	39400166	61
chr4	42023928	42024127	chr4	42023931	42024000	69
chr4	43931492	43931840	chr4	43931497	43931838	341
chr4	44507270	44507735	chr4	44507271	44507727	456
chr4	44509359	44509714	chr4	44509383	44509699	316
chr4	44870720	44870899	chr4	44870725	44870898	173
chr4	46202791	46205031	chr4	46202797	46205028	2231
chr4	49105372	49105629	chr4	49105448	49105510	62
chr4	57742558	57742621	chr4	57742565	57742617	52
chr4	58087337	58087755	chr4	58087343	58087742	399
chr4	58148000	58148359	chr4	58148018	58148344	326
chr4	59944552	59950609	chr4	59944561	59950603	6042
chr4	61330103	61333188	chr4	61330107	61333186	3079
chr4	61569211	61569576	chr4	61569236	61569566	330
chr4	61939186	61942247	chr4	61939191	61942245	3054
chr4	62028309	62028597	chr4	62028311	62028596	285
chr4	64028540	64028616	chr4	64028545	64028614	69
chr4	64030856	64031028	chr4	64030857	64031024	167
chr4	68873173	68873251	chr4	68873179	68873248	69
chr4	69036876	69037230	chr4	69036899	69037218	319
chr4	69959833	69960174	chr4	69959844	69960175	331
chr4	73418749	73418848	chr4	73418756	73418844	88
chr4	73831246	73831823	chr4	73831250	73831823	573
chr4	78199216	78199279	chr4	78199223	78199275	52
chr4	78236259	78236556	chr4	78236273	78236542	269
chr4	79269105	79275211	chr4	79269122	79275197	6075
chr4	80888029	80894109	chr4	80888048	80894093	6045
chr4	81302512	81302880	chr4	81302528	81302867	339
chr4	81456461	81456698	chr4	81456481	81456680	199
chr4	81991499	81991853	chr4	81991517	81991838	321
chr4	83395494	83395844	chr4	83395510	83395831	321
chr4	86660739	86661094	chr4	86660762	86661082	320
chr4	87066337	87066552	chr4	87066354	87066534	180
chr4	87646386	87651949	chr4	87646393	87651945	5552
chr4	91569662	91569728	chr4	91569664	91569725	61
chr4	91596770	91602924	chr4	91596768	91602893	6125
chr4	95498953	95499292	chr4	95498965	95499281	316
chr4	96382450	96382665	chr4	96382448	96382657	209
chr4	97572089	97572435	chr4	97572104	97572423	319
chr4	98590638	98590985	chr4	98590654	98590972	318
chr4	105751863	105752060	chr4	105751871	105752061	190
chr4	107974327	107974489	chr4	107974330	107974487	157
chr4	108127787	108131736	chr4	108127810	108131716	3906
chr4	108276690	108279511	chr4	108276698	108279506	2808
chr4	109107656	109107994	chr4	109107676	109107977	301
chr4	111516315	111516514	chr4	111516322	111516508	186
chr4	113348504	113348571	chr4	113348497	113348554	57
chr4	113469957	113470299	chr4	113469976	113470283	307
chr4	117251467	117251807	chr4	117251480	117251794	314
chr4	119296328	119296693	chr4	119296345	119296685	340
chr4	120017217	120017574	chr4	120017237	120017562	325
chr4	121407633	121407985	chr4	121407649	121407972	323
chr4	124943536	124945203	chr4	124943554	124945188	1634
chr4	125867348	125867704	chr4	125867363	125867693	330
chr4	130407554	130407673	chr4	130407554	130407668	114
chr4	130590908	130591224	chr4	130590923	130591218	295
chr4	130626370	130626642	chr4	130626374	130626642	268
chr4	133619861	133620198	chr4	133619879	133620185	306
chr4	138966203	138967220	chr4	138966210	138966485	275
chr4	149990573	149992583	chr4	149990580	149992579	1999
chr4	150951013	150951364	chr4	150951029	150951351	322
chr4	155803009	155803093	chr4	155803012	155803091	79
chr4	163232395	163232725	chr4	163232407	163232717	310
chr4	163394000	163396424	chr4	163394005	163396422	2417
chr4	164658283	164659148	chr4	164658300	164659134	834
chr4	167004314	167004913	chr4	167004317	167004914	597
chr4	167108070	167108447	chr4	167108089	167108431	342
chr4	167677023	167683085	chr4	167677038	167683073	6035
chr4	170151061	170151225	chr4	170151077	170151212	135
chr4	170278455	170278887	chr4	170278458	170278881	423
chr4	171969683	171969750	chr4	171969684	171969747	63
chr4	173425031	173433524	chr4	173425033	173433520	8487
chr4	175073352	175073416	chr4	175073354	175073412	58
chr4	178156816	178157168	chr4	178156826	178157155	329
chr4	178514230	178514578	chr4	178514254	178514572	318
chr4	181317252	181317474	chr4	181317273	181317456	183
chr4	184303688	184304016	chr4	184303682	184304001	319
chr4	184632823	184632916	chr4	184632824	184632914	90
chr4	185665759	185666102	chr4	185665774	185666090	316
chr4	186155525	186155867	chr4	186155542	186155853	311
chr4	187353443	187357186	chr4	187354151	187355944	1793
chr4	187353443	187357186	chr4	187356116	187356990	874
chr4	187614511	187614850	chr4	187614518	187614846	328
chr4	187795679	187796036	chr4	187795699	187796032	333
chr4	188959359	188959496	chr4	188959368	188959490	122
chr4	189969656	189970051	chr4	189969678	189970032	354
chr4	190057979	190064292	chr4	190058000	190064274	6274
chr4	190253822	190254177	chr4	190253838	190254162	324
chr4	190606986	190610306	chr4	190606972	190610287	3315
chr4	190606986	190610306	chr4	190607469	190608239	770
chr4	190624628	190624998	chr4	190624641	190624987	346
chr4	190662929	190663729	chr4	190662922	190663718	796
chr5	1276765	1276827	chr5	1276758	1276811	53
chr5	1294768	1294893	chr5	1294780	1294884	104
chr5	1682447	1682792	chr5	1682465	1682779	314
chr5	1924586	1925207	chr5	1924581	1925200	619
chr5	1968375	1971604	chr5	1968397	1971585	3188
chr5	2769417	2769647	chr5	2769418	2769640	222
chr5	3502298	3502657	chr5	3502315	3502643	328
chr5	4459405	4459489	chr5	4459413	4459484	71
chr5	7221913	7222264	chr5	7221929	7222248	319
chr5	9400600	9400891	chr5	9400612	9400882	270
chr5	9411745	9412090	chr5	9411760	9412080	320
chr5	9990091	9990319	chr5	9990100	9990313	213
chr5	11339007	11339368	chr5	11339027	11339351	324
chr5	12769651	12769716	chr5	12769658	12769712	54
chr5	13399955	13400036	chr5	13399958	13400035	77
chr5	13416574	13422871	chr5	13416593	13422855	6262
chr5	13895071	13895391	chr5	13895084	13895381	297
chr5	25777290	25777647	chr5	25777306	25777636	330
chr5	26653898	26653971	chr5	26653903	26653967	64
chr5	31677406	31677764	chr5	31677427	31677749	322
chr5	33355550	33355908	chr5	33355565	33355896	331
chr5	34991463	34991521	chr5	34991467	34991521	54
chr5	43523630	43523700	chr5	43523639	43523694	55
chr5	45004821	45014530	chr5	45004821	45014528	9707
chr5	46001547	46001636	chr5	46001555	46001631	76
chr5	51521178	51521311	chr5	51521252	51521308	56
chr5	53755529	53755622	chr5	53755533	53755621	88
chr5	55429189	55430364	chr5	55429220	55429497	277
chr5	55429189	55430364	chr5	55429998	55430351	353
chr5	57679982	57686112	chr5	57679989	57686098	6109
chr5	57679982	57686112	chr5	57679994	57686103	6109
chr5	57923158	57923356	chr5	57923172	57923345	173
chr5	68105927	68106032	chr5	68105929	68106025	96
chr5	73037197	73037258	chr5	73037201	73037255	54
chr5	73648971	73649318	chr5	73648988	73649308	320
chr5	77105203	77105564	chr5	77105224	77105552	328
chr5	77574154	77574469	chr5	77574168	77574458	290
chr5	78277712	78278060	chr5	78277732	78278054	322
chr5	80039360	80039692	chr5	80039373	80039683	310
chr5	82482746	82483073	chr5	82482760	82483065	305
chr5	82906040	82906396	chr5	82906060	82906379	319
chr5	88031994	88032361	chr5	88032014	88032344	330
chr5	88043123	88043482	chr5	88043133	88043461	328
chr5	89860404	89860760	chr5	89860421	89860744	323
chr5	91480761	91481142	chr5	91480768	91481122	354
chr5	97401555	97402767	chr5	97401564	97402463	899
chr5	103030540	103030894	chr5	103030556	103030881	325
chr5	103062310	103062631	chr5	103062304	103062609	305
chr5	104877051	104877143	chr5	104877053	104877142	89
chr5	110694939	110695268	chr5	110694941	110695266	325
chr5	114756480	114757908	chr5	114756489	114757882	1393
chr5	121059229	121060013	chr5	121059231	121059491	260
chr5	122274340	122274692	chr5	122274342	122274666	324
chr5	124717331	124717682	chr5	124717345	124717667	322
chr5	125841097	125841348	chr5	125841119	125841329	210
chr5	127172327	127173284	chr5	127173000	127173289	289
chr5	129729017	129729176	chr5	129729015	129729166	151
chr5	130804179	130804284	chr5	130804190	130804276	86
chr5	132918946	132925009	chr5	132918966	132924992	6026
chr5	137022544	137023905	chr5	137022571	137022995	424
chr5	137022544	137023905	chr5	137023500	137023895	395
chr5	137873608	137873998	chr5	137873611	137873993	382
chr5	141459198	141459508	chr5	141459201	141459498	297
chr5	144871900	144872810	chr5	144872500	144872818	318
chr5	149746177	149746532	chr5	149746195	149746522	327
chr5	151456395	151462466	chr5	151456415	151462449	6034
chr5	154315916	154316004	chr5	154315918	154316004	86
chr5	158592385	158592755	chr5	158592394	158592742	348
chr5	159742554	159742665	chr5	159742558	159742664	106
chr5	164366281	164366624	chr5	164366299	164366609	310
chr5	166402757	166403636	chr5	166402811	166402987	176
chr5	166402757	166403636	chr5	166403072	166403629	557
chr5	168394414	168394760	chr5	168394430	168394745	315
chr5	170158805	170158919	chr5	170158819	170158908	89
chr5	173607078	173607429	chr5	173607095	173607415	320
chr5	176387570	176390190	chr5	176387581	176390182	2601
chr5	179056442	179056502	chr5	179056445	179056502	57
chr5	179067144	179067682	chr5	179066663	179068151	1488
chr5	179067144	179067682	chr5	179067162	179067668	506
chr5	179067425	179067656	chr5	179067162	179067668	506
chr5	180569231	180569981	chr5	180569233	180569491	258
chr6	666374	667824	chr6	667261	667795	534
chr6	1682780	1683114	chr6	1682793	1683107	314
chr6	2605511	2605590	chr6	2605492	2605548	56
chr6	5037244	5039179	chr6	5037244	5039169	1925
chr6	9460361	9460731	chr6	9460378	9460710	332
chr6	10070777	10071121	chr6	10070789	10071101	312
chr6	10293992	10294144	chr6	10293985	10294133	148
chr6	11444324	11444667	chr6	11444344	11444658	314
chr6	11556075	11556428	chr6	11556093	11556413	320
chr6	11616254	11616424	chr6	11616275	11616406	131
chr6	11801497	11801578	chr6	11801514	11801564	50
chr6	13882544	13883858	chr6	13882550	13882999	449
chr6	13882544	13883858	chr6	13883500	13883854	354
chr6	19423587	19423852	chr6	19423604	19423838	234
chr6	20765353	20765700	chr6	20765367	20765691	324
chr6	22227458	22227769	chr6	22227473	22227756	283
chr6	22501802	22501910	chr6	22501808	22501907	99
chr6	23948732	23948992	chr6	23948743	23949347	604
chr6	24811859	24817967	chr6	24811930	24818204	6274
chr6	26743894	26745183	chr6	26743908	26744237	329
chr6	35626428	35629749	chr6	35626434	35629746	3312
chr6	38922174	38922516	chr6	38922189	38922504	315
chr6	41705829	41706000	chr6	41705856	41705962	106
chr6	41864747	41865355	chr6	41864777	41865334	557
chr6	42569611	42569787	chr6	42569620	42569781	161
chr6	45967440	45967804	chr6	45967461	45967789	328
chr6	50765938	50766286	chr6	50765955	50766268	313
chr6	51517333	51517692	chr6	51517351	51517677	326
chr6	51736106	51736808	chr6	51736109	51736805	696
chr6	53037873	53037948	chr6	53037879	53037946	67
chr6	54556420	54556786	chr6	54556437	54556773	336
chr6	57301336	57301497	chr6	57301342	57301496	154
chr6	57423048	57429141	chr6	57423070	57429122	6052
chr6	57478135	57478869	chr6	57478150	57478857	707
chr6	57481651	57481716	chr6	57481645	57481697	52
chr6	62200381	62206560	chr6	62200428	62206540	6112
chr6	65006417	65006520	chr6	65006423	65006517	94
chr6	66260013	66262036	chr6	66260029	66262023	1994
chr6	68353218	68353512	chr6	68353224	68353509	285
chr6	74421243	74421570	chr6	74421255	74421561	306
chr6	74865416	74866602	chr6	74865435	74866586	1151
chr6	76746502	76746586	chr6	76746503	76746580	77
chr6	77920077	77920433	chr6	77920101	77920412	311
chr6	85318128	85324236	chr6	85318145	85324222	6077
chr6	85771747	85771811	chr6	85771752	85771809	57
chr6	86026338	86026682	chr6	86026354	86026670	316
chr6	89424137	89424476	chr6	89424154	89424462	308
chr6	91237559	91237913	chr6	91237577	91237898	321
chr6	92289317	92289387	chr6	92289322	92289385	63
chr6	94397501	94397571	chr6	94397507	94397568	61
chr6	94657356	94657538	chr6	94657362	94657532	170
chr6	95193319	95194340	chr6	95194002	95194338	336
chr6	95400825	95400925	chr6	95400829	95400924	95
chr6	100034502	100035320	chr6	100034999	100035325	326
chr6	100260128	100260283	chr6	100260130	100260279	149
chr6	100297522	100297577	chr6	100297526	100297576	50
chr6	102815121	102815810	chr6	102815123	102815811	688
chr6	105567820	105568190	chr6	105567843	105568178	335
chr6	108266102	108266426	chr6	108266114	108266418	304
chr6	117780554	117780654	chr6	117780555	117780653	98
chr6	119417486	119417849	chr6	119417513	119417833	320
chr6	120119460	120119539	chr6	120119460	120119512	52
chr6	121319276	121319633	chr6	121319293	121319617	324
chr6	122301625	122301981	chr6	122301645	122301964	319
chr6	126468005	126468247	chr6	126468010	126468240	230
chr6	128976345	128976567	chr6	128976345	128976567	222
chr6	133341805	133347901	chr6	133341822	133347888	6066
chr6	134817328	134817680	chr6	134817349	134817666	317
chr6	140952876	140953193	chr6	140952891	140953177	286
chr6	145818659	145818764	chr6	145818663	145818761	98
chr6	151513867	151513946	chr6	151513870	151513944	74
chr6	154446899	154447254	chr6	154446916	154447240	324
chr6	154686517	154686813	chr6	154686528	154686804	276
chr6	157957823	157958165	chr6	157957841	157958151	310
chr6	159666743	159667103	chr6	159666763	159667086	323
chr6	161684134	161684241	chr6	161684138	161684240	102
chr6	167418090	167418182	chr6	167418103	167418172	69
chr6	167928583	167928709	chr6	167928592	167928701	109
chr7	60148	60353	chr7	60157	60347	190
chr7	879136	879472	chr7	879154	879457	303
chr7	904323	904394	chr7	904332	904388	56
chr7	1185048	1187671	chr7	1185066	1187656	2590
chr7	1320078	1320721	chr7	1320344	1320694	350
chr7	1334910	1335216	chr7	1334888	1334977	89
chr7	8698625	8698850	chr7	8698630	8698848	218
chr7	8750253	8750603	chr7	8750269	8750599	330
chr7	10504280	10506153	chr7	10504301	10506135	1834
chr7	12281690	12282039	chr7	12281699	12282022	323
chr7	13663184	13663461	chr7	13663191	13663457	266
chr7	14449029	14449373	chr7	14449042	14449363	321
chr7	14451259	14451436	chr7	14451266	14451432	166
chr7	14680815	14680972	chr7	14680855	14680935	80
chr7	14910403	14910754	chr7	14910418	14910738	320
chr7	23095963	23096022	chr7	23095966	23096020	54
chr7	29042596	29042659	chr7	29042602	29042655	53
chr7	29565361	29565424	chr7	29565367	29565421	54
chr7	30897046	30897380	chr7	30897065	30897364	299
chr7	31070559	31070921	chr7	31070577	31070906	329
chr7	32390135	32393129	chr7	32390153	32393114	2961
chr7	33708264	33708417	chr7	33708275	33708409	134
chr7	36878876	36878972	chr7	36878881	36878970	89
chr7	42549685	42550038	chr7	42549704	42550029	325
chr7	47895170	47895519	chr7	47895173	47895495	322
chr7	48888379	48888449	chr7	48888385	48888446	61
chr7	51081672	51081737	chr7	51081677	51081735	58
chr7	52520166	52520379	chr7	52520173	52520375	202
chr7	68462056	68462404	chr7	68462072	68462391	319
chr7	76607171	76607447	chr7	76607174	76607442	268
chr7	76870540	76870799	chr7	76870544	76870798	254
chr7	79742060	79742425	chr7	79742078	79742410	332
chr7	81358333	81358616	chr7	81358335	81358613	278
chr7	81728713	81729079	chr7	81728734	81729070	336
chr7	82946446	82946797	chr7	82946459	82946784	325
chr7	88091290	88091759	chr7	88091299	88091749	450
chr7	89598859	89599202	chr7	89598870	89599190	320
chr7	90022123	90022469	chr7	90022139	90022456	317
chr7	93169985	93170106	chr7	93169988	93170103	115
chr7	96505540	96505629	chr7	96505547	96505625	78
chr7	103463050	103463405	chr7	103463068	103463390	322
chr7	103856416	103856771	chr7	103856436	103856755	319
chr7	104187366	104187734	chr7	104187390	104187722	332
chr7	108352834	108353184	chr7	108352846	108353172	326
chr7	108501440	108501550	chr7	108501444	108501546	102
chr7	113416145	113422224	chr7	113416163	113422209	6046
chr7	116841988	116842330	chr7	116842016	116842316	300
chr7	118343784	118344172	chr7	118343801	118344157	356
chr7	125265088	125265441	chr7	125265100	125265431	331
chr7	127766399	127766744	chr7	127766419	127766736	317
chr7	133107653	133108024	chr7	133107678	133108010	332
chr7	134349989	134350433	chr7	134349994	134350413	419
chr7	135482159	135482240	chr7	135482171	135482243	72
chr7	136851594	136851938	chr7	136851612	136851923	311
chr7	138296425	138297225	chr7	138296443	138297210	767
chr7	138296425	138297225	chr7	138297000	138297215	215
chr7	141113844	141114202	chr7	141113865	141114184	319
chr7	145499209	145499267	chr7	145499212	145499263	51
chr7	147044498	147044585	chr7	147044514	147044572	58
chr7	152281678	152284320	chr7	152281694	152284307	2613
chr7	152319115	152319180	chr7	152319106	152319166	60
chr7	154670984	154671323	chr7	154670981	154671303	322
chr7	154941897	154942263	chr7	154941915	154942246	331
chr7	155926189	155926287	chr7	155926193	155926286	93
chr7	158852385	158852500	chr7	158852414	158852474	60
chr7	158998777	158999427	chr7	158998876	158999302	426
chr8	2122079	2122350	chr8	2122084	2122348	264
chr8	2215302	2216150	chr8	2215403	2215583	180
chr8	4941210	4941534	chr8	4941229	4941526	297
chr8	11245551	11247215	chr8	11245543	11245960	417
chr8	12528689	12529044	chr8	12528716	12529043	327
chr8	15001252	15001601	chr8	15001266	15001590	324
chr8	16962187	16962548	chr8	16962213	16962536	323
chr8	17057073	17057168	chr8	17057093	17057165	72
chr8	18454599	18455957	chr8	18455500	18455947	447
chr8	24972429	24990947	chr8	24972434	24990945	18511
chr8	25204073	25204303	chr8	25204065	25204290	225
chr8	25327219	25327281	chr8	25327222	25327279	57
chr8	30392262	30392597	chr8	30392285	30392583	298
chr8	31571225	31571611	chr8	31571243	31571597	354
chr8	39737277	39737514	chr8	39737281	39737507	226
chr8	39765297	39765664	chr8	39765312	39765646	334
chr8	41279311	41279669	chr8	41279330	41279653	323
chr8	42185298	42185645	chr8	42185314	42185629	315
chr8	50009189	50009336	chr8	50009191	50009335	144
chr8	52737948	52738298	chr8	52737961	52738286	325
chr8	54971834	54972179	chr8	54971848	54972165	317
chr8	55407124	55407229	chr8	55407141	55407215	74
chr8	56967300	56967486	chr8	56967318	56967471	153
chr8	57300201	57300321	chr8	57300202	57300318	116
chr8	59078439	59078802	chr8	59078453	59078789	336
chr8	60179775	60179827	chr8	60179775	60179825	50
chr8	68727306	68727667	chr8	68727322	68727655	333
chr8	71583537	71584662	chr8	71583561	71584001	440
chr8	72551391	72551754	chr8	72551407	72551741	334
chr8	76414040	76414158	chr8	76414048	76414153	105
chr8	83005234	83005679	chr8	83005233	83005678	445
chr8	85955641	85956004	chr8	85955667	85956005	338
chr8	94072343	94077194	chr8	94072344	94077191	4847
chr8	97098057	97098442	chr8	97098075	97098427	352
chr8	97800060	97800130	chr8	97800064	97800128	64
chr8	98783434	98783795	chr8	98783457	98783786	329
chr8	106181379	106181740	chr8	106181401	106181725	324
chr8	107511076	107511436	chr8	107511095	107511420	325
chr8	110234716	110235056	chr8	110234717	110235048	331
chr8	110510293	110510644	chr8	110510310	110510631	321
chr8	113085408	113085769	chr8	113085420	113085751	331
chr8	114934387	114934688	chr8	114934390	114934684	294
chr8	115079309	115080675	chr8	115079316	115080674	1358
chr8	120488893	120489386	chr8	120488900	120489379	479
chr8	121854726	121855079	chr8	121854748	121855065	317
chr8	121930604	121930734	chr8	121930606	121930714	108
chr8	124654291	124654355	chr8	124654293	124654353	60
chr8	126595111	126601145	chr8	126595123	126601136	6013
chr8	127248959	127249286	chr8	127248956	127249279	323
chr8	129465137	129471283	chr8	129465155	129471268	6113
chr8	129762516	129766030	chr8	129762521	129766028	3507
chr8	132168264	132168616	chr8	132168287	132168599	312
chr8	137160192	137163902	chr8	137160197	137163900	3703
chr8	138200146	138200424	chr8	138200164	138200409	245
chr8	140475246	140475603	chr8	140475259	140475594	335
chr8	144603546	144603628	chr8	144603557	144603622	65
chr8	144700480	144714697	chr8	144700486	144714694	14208
chr8	144723587	144723950	chr8	144723605	144723938	333
chr8	145503101	145503208	chr8	145503108	145503190	82
chr8	146042916	146043082	chr8	146042935	146043068	133
chr8	146057003	146057851	chr8	146057504	146057838	334
chr8	146192864	146193179	chr8	146192868	146193180	312
chr9	3780599	3780960	chr9	3780618	3780944	326
chr9	7371791	7372129	chr9	7371804	7372121	317
chr9	10404556	10405097	chr9	10404563	10405092	529
chr9	10498727	10499064	chr9	10498745	10499057	312
chr9	15394863	15395214	chr9	15394873	15395192	319
chr9	15815302	15821945	chr9	15815708	15822329	6621
chr9	16389380	16389745	chr9	16389394	16389732	338
chr9	18286554	18286740	chr9	18286561	18286739	178
chr9	18751809	18752134	chr9	18751827	18752122	295
chr9	27670555	27670631	chr9	27670562	27670627	65
chr9	27788195	27788309	chr9	27788197	27788308	111
chr9	66828813	66828965	chr9	66828669	66828984	315
chr9	66857145	66857478	chr9	66857118	66857580	462
chr9	66857453	66857764	chr9	66857118	66857580	462
chr9	71665306	71665575	chr9	71665326	71665556	230
chr9	79124502	79124839	chr9	79124514	79124830	316
chr9	83967907	83970694	chr9	83967919	83970685	2766
chr9	90858969	90860978	chr9	90858985	90860965	1980
chr9	91501985	91502068	chr9	91501994	91502053	59
chr9	93883347	93883700	chr9	93883362	93883689	327
chr9	95687579	95687708	chr9	95687618	95687672	54
chr9	101347982	101348320	chr9	101347987	101348318	331
chr9	104219690	104220384	chr9	104220000	104220388	388
chr9	105162476	105162678	chr9	105162483	105162667	184
chr9	110537533	110540611	chr9	110537522	110540598	3076
chr9	112430187	112430529	chr9	112430206	112430520	314
chr9	115264644	115264726	chr9	115264646	115264730	84
chr9	115937068	115937396	chr9	115937086	115937381	295
chr9	117363973	117364054	chr9	117363969	117364044	75
chr9	118109627	118110003	chr9	118109644	118109990	346
chr9	132026669	132028086	chr9	132026690	132026989	299
chr9	135296979	135297092	chr9	135296992	135297066	74
chr9	136379197	136379566	chr9	136379211	136379553	342
chr9	136414084	136414443	chr9	136414103	136414427	324
chr9	136625192	136626264	chr9	136626018	136626255	237
chr9	137690411	137690504	chr9	137690416	137690497	81
chr9	138207937	138208006	chr9	138207940	138208002	62
chr9	138479096	138480204	chr9	138479872	138480214	342
chr10	829753	830465	chr10	829745	830417	672
chr10	4290060	4291685	chr10	4290064	4290488	424
chr10	5248649	5248761	chr10	5248655	5248758	103
chr10	5287280	5293365	chr10	5287301	5293347	6046
chr10	5889528	5892849	chr10	5889561	5892819	3258
chr10	6097353	6097886	chr10	6097373	6097875	502
chr10	6411545	6417648	chr10	6411565	6417631	6066
chr10	9097742	9097807	chr10	9097750	9097800	50
chr10	9436187	9436254	chr10	9436190	9436252	62
chr10	9519801	9520136	chr10	9519817	9520123	306
chr10	10308109	10308488	chr10	10308397	10308489	92
chr10	11484960	11485154	chr10	11484962	11485148	186
chr10	13257994	13258335	chr10	13258010	13258323	313
chr10	14936336	14936678	chr10	14936356	14936675	319
chr10	15532449	15532790	chr10	15532467	15532776	309
chr10	18503073	18503592	chr10	18503090	18503608	518
chr10	20667230	20667581	chr10	20667238	20667557	319
chr10	20824444	20824574	chr10	20824450	20824567	117
chr10	22798683	22798790	chr10	22798713	22798763	50
chr10	25035178	25035291	chr10	25035188	25035284	96
chr10	25098071	25098430	chr10	25098083	25098421	338
chr10	26767924	26768265	chr10	26767937	26768246	309
chr10	29712135	29712731	chr10	29712147	29712721	574
chr10	32705714	32706077	chr10	32705723	32706065	342
chr10	33097517	33097603	chr10	33097532	33097591	59
chr10	35593187	35593556	chr10	35593208	35593537	329
chr10	44675224	44675335	chr10	44675235	44675327	92
chr10	47088364	47088715	chr10	47088375	47088706	331
chr10	49917139	49917497	chr10	49917158	49917481	323
chr10	54441182	54441528	chr10	54441204	54441523	319
chr10	54783540	54788830	chr10	54783543	54788829	5286
chr10	56682774	56684363	chr10	56683999	56684361	362
chr10	58863542	58863872	chr10	58863549	58863868	319
chr10	59015206	59015571	chr10	59015218	59015562	344
chr10	70634308	70634453	chr10	70634326	70634438	112
chr10	70998096	70998446	chr10	70998111	70998434	323
chr10	78800891	78801233	chr10	78800902	78801226	324
chr10	81176897	81177143	chr10	81176897	81177131	234
chr10	84237954	84238484	chr10	84237974	84238467	493
chr10	85626212	85626439	chr10	85626223	85626430	207
chr10	88666157	88666534	chr10	88666169	88666509	340
chr10	92461855	92465625	chr10	92461858	92465626	3768
chr10	92969218	92969571	chr10	92969219	92969557	338
chr10	96251537	96251722	chr10	96251543	96251719	176
chr10	99034852	99037409	chr10	99034865	99037399	2534
chr10	104645235	104645599	chr10	104645255	104645593	338
chr10	106593332	106593419	chr10	106593338	106593416	78
chr10	107950679	107951599	chr10	107950685	107950989	304
chr10	108030313	108032546	chr10	108030318	108032542	2224
chr10	114157766	114158141	chr10	114157793	114158130	337
chr10	117711614	117712005	chr10	117711618	117712007	389
chr10	119634263	119634617	chr10	119634275	119634611	336
chr10	121046814	121046907	chr10	121046816	121046867	51
chr10	128106458	128106801	chr10	128106474	128106790	316
chr10	129565290	129565621	chr10	129565304	129565610	306
chr10	130836870	130837276	chr10	130836869	130837273	404
chr10	132182174	132182327	chr10	132182187	132182315	128
chr10	132372174	132372330	chr10	132372181	132372327	146
chr10	132858451	132858841	chr10	132858469	132858820	351
chr10	134831044	134831688	chr10	134831533	134831926	393
chr10	135104733	135104878	chr10	135104742	135104976	234
chr11	1662973	1663490	chr11	1662981	1663549	568
chr11	4802506	4802848	chr11	4802523	4802834	311
chr11	5106954	5107222	chr11	5106961	5107212	251
chr11	6600863	6601078	chr11	6601002	6601071	69
chr11	8326045	8326208	chr11	8326059	8326197	138
chr11	9338350	9338624	chr11	9338353	9338624	271
chr11	10292709	10293854	chr11	10293471	10293836	365
chr11	16587164	16587301	chr11	16587163	16587299	136
chr11	16597547	16597903	chr11	16597565	16597888	323
chr11	16905542	16905606	chr11	16905549	16905602	53
chr11	18165173	18165311	chr11	18165200	18165287	87
chr11	27657260	27657599	chr11	27657263	27657596	333
chr11	32286626	32286988	chr11	32286642	32286975	333
chr11	33537656	33538012	chr11	33537676	33538002	326
chr11	33659946	33660014	chr11	33659949	33660009	60
chr11	37448790	37448911	chr11	37448806	37448898	92
chr11	39010732	39010813	chr11	39010740	39010805	65
chr11	39785900	39785980	chr11	39785907	39785976	69
chr11	43891813	43892182	chr11	43891831	43892170	339
chr11	43909558	43909935	chr11	43909595	43909901	306
chr11	44743160	44743268	chr11	44743178	44743231	53
chr11	47887666	47888195	chr11	47887668	47888182	514
chr11	48120050	48120382	chr11	48120063	48120372	309
chr11	48354564	48354924	chr11	48354563	48354915	352
chr11	48689985	48690189	chr11	48690012	48690173	161
chr11	49425064	49425434	chr11	49425083	49425418	335
chr11	58220588	58220954	chr11	58220597	58220925	328
chr11	60851813	60853910	chr11	60851831	60853893	2062
chr11	61107768	61108142	chr11	61107785	61108122	337
chr11	61944786	61945087	chr11	61944788	61945088	300
chr11	64268436	64268503	chr11	64268441	64268502	61
chr11	67662503	67662590	chr11	67662498	67662577	79
chr11	68797605	68797722	chr11	68797615	68797715	100
chr11	71861584	71861926	chr11	71861599	71861914	315
chr11	74145042	74145420	chr11	74145059	74145406	347
chr11	89932503	89932863	chr11	89932515	89932854	339
chr11	92869767	92875870	chr11	92869776	92875840	6064
chr11	93021130	93022165	chr11	93021139	93021492	353
chr11	93102784	93103135	chr11	93102801	93103123	322
chr11	95169369	95175442	chr11	95169371	95175423	6052
chr11	96233105	96233446	chr11	96233121	96233433	312
chr11	96614744	96615102	chr11	96614769	96615094	325
chr11	97131917	97132038	chr11	97131922	97132011	89
chr11	99276305	99276680	chr11	99276324	99276664	340
chr11	100438645	100438801	chr11	100438652	100438797	145
chr11	101416758	101417117	chr11	101416771	101417104	333
chr11	102471832	102472177	chr11	102471847	102472165	318
chr11	103410810	103411146	chr11	103410821	103411136	315
chr11	104010462	104010829	chr11	104010468	104010819	351
chr11	104180365	104180739	chr11	104180381	104180724	343
chr11	105723491	105723823	chr11	105723492	105723821	329
chr11	109930913	109931001	chr11	109930921	109930996	75
chr11	109976685	109977040	chr11	109976705	109977029	324
chr11	122347565	122349292	chr11	122347578	122349282	1704
chr11	125719433	125719598	chr11	125719437	125719594	157
chr12	1028740	1029637	chr12	1028786	1028994	208
chr12	6907380	6907643	chr12	6907374	6907632	258
chr12	7832819	7832958	chr12	7832828	7832952	124
chr12	7858940	7859093	chr12	7858936	7859084	148
chr12	10678737	10678795	chr12	10678741	10678792	51
chr12	11258510	11258853	chr12	11258526	11258840	314
chr12	11288098	11288162	chr12	11288105	11288158	53
chr12	12026413	12027156	chr12	12027000	12027157	157
chr12	16420122	16421288	chr12	16420121	16420471	350
chr12	16420122	16421288	chr12	16421000	16421294	294
chr12	17894151	17894399	chr12	17894128	17894369	241
chr12	22047470	22047579	chr12	22047474	22047578	104
chr12	26511002	26511371	chr12	26511022	26511354	332
chr12	27433970	27434336	chr12	27433988	27434317	329
chr12	29573393	29573763	chr12	29573409	29573755	346
chr12	30371315	30371745	chr12	30371315	30371743	428
chr12	41659800	41660150	chr12	41659815	41660133	318
chr12	41757434	41757529	chr12	41757434	41757519	85
chr12	43977436	43979563	chr12	43977451	43979551	2100
chr12	45903151	45909942	chr12	45903152	45909938	6786
chr12	47609580	47609654	chr12	47609580	47609651	71
chr12	49470010	49470495	chr12	49470054	49470349	295
chr12	66678521	66678606	chr12	66678527	66678603	76
chr12	74964924	74965035	chr12	74964925	74965035	110
chr12	83844025	83844628	chr12	83844060	83844620	560
chr12	83959201	83959550	chr12	83959224	83959541	317
chr12	84484474	84484811	chr12	84484485	84484805	320
chr12	86523304	86523647	chr12	86523317	86523637	320
chr12	95244021	95244451	chr12	95244026	95244449	423
chr12	96340333	96342967	chr12	96340347	96342956	2609
chr12	97554712	97555071	chr12	97554728	97555057	329
chr12	115023761	115023833	chr12	115023767	115023830	63
chr12	122289568	122289944	chr12	122289585	122289930	345
chr12	122947414	122947469	chr12	122947418	122947468	50
chr12	123010325	123010681	chr12	123010340	123010672	332
chr12	126905085	126905432	chr12	126905103	126905417	314
chr12	127199932	127200304	chr12	127199958	127200291	333
chr12	127947263	127947322	chr12	127947268	127947320	52
chr12	130060270	130060636	chr12	130060289	130060620	331
chr12	131504394	131504660	chr12	131504549	131504634	85
chr12	132987032	132987461	chr12	132987033	132987457	424
chr13	19642243	19642429	chr13	19642372	19642470	98
chr13	19649460	19649558	chr13	19649453	19649544	91
chr13	23055196	23055528	chr13	23055205	23055513	308
chr13	24057623	24057990	chr13	24057642	24057974	332
chr13	28839845	28840193	chr13	28839853	28840181	328
chr13	29891551	29891885	chr13	29891564	29891875	311
chr13	31418203	31418491	chr13	31418218	31418487	269
chr13	35558621	35564882	chr13	35558624	35564866	6242
chr13	36818891	36818999	chr13	36818916	36818977	61
chr13	41453835	41453894	chr13	41453837	41453889	52
chr13	43539776	43541466	chr13	43540999	43541448	449
chr13	46005378	46005728	chr13	46005379	46005716	337
chr13	48419915	48420092	chr13	48419919	48420078	159
chr13	51069340	51075085	chr13	51069348	51075080	5732
chr13	57975484	57975865	chr13	57975508	57975850	342
chr13	60172480	60172834	chr13	60172490	60172818	328
chr13	68132434	68132498	chr13	68132437	68132496	59
chr13	68936885	68937267	chr13	68936884	68937263	379
chr13	69966656	69966968	chr13	69966664	69966963	299
chr13	72386601	72386724	chr13	72386639	72386689	50
chr13	74074900	74075251	chr13	74074912	74075242	330
chr13	75625198	75625279	chr13	75625200	75625278	78
chr13	79757401	79757466	chr13	79757407	79757463	56
chr13	82889175	82889557	chr13	82889195	82889534	339
chr13	87341740	87341805	chr13	87341745	87341803	58
chr13	91160022	91160304	chr13	91160040	91160289	249
chr13	99623685	99623855	chr13	99623704	99623839	135
chr13	103875487	103875577	chr13	103875494	103875571	77
chr13	103931633	103931969	chr13	103931645	103931960	315
chr13	107924526	107924874	chr13	107924540	107924863	323
chr13	109267182	109267259	chr13	109267191	109267253	62
chr13	111559399	111559668	chr13	111559420	111559659	239
chr13	113790920	113791280	chr13	113790939	113791271	332
chr13	114764501	114764602	chr13	114764513	114764593	80
chr14	21536116	21536473	chr14	21536133	21536460	327
chr14	22774826	22775370	chr14	22774830	22775366	536
chr14	22881663	22882263	chr14	22881661	22882254	593
chr14	24174996	24175363	chr14	24175015	24175347	332
chr14	24932618	24932785	chr14	24932620	24932784	164
chr14	31262967	31263332	chr14	31262986	31263316	330
chr14	31813873	31814054	chr14	31813876	31814052	176
chr14	31942980	31943336	chr14	31942997	31943319	322
chr14	33391973	33392312	chr14	33391972	33392307	335
chr14	42486306	42486652	chr14	42486321	42486638	317
chr14	44714141	44721083	chr14	44714147	44721080	6933
chr14	46577907	46578260	chr14	46577924	46578248	324
chr14	46830455	46830590	chr14	46830459	46830589	130
chr14	50118849	50119049	chr14	50118872	50119030	158
chr14	54564033	54564404	chr14	54564053	54564387	334
chr14	68376995	68377166	chr14	68377011	68377157	146
chr14	71320941	71321273	chr14	71320963	71321256	293
chr14	71437817	71438171	chr14	71437830	71438161	331
chr14	75520934	75525524	chr14	75520940	75525521	4581
chr14	75658929	75659372	chr14	75658932	75659368	436
chr14	78828220	78828598	chr14	78828235	78828585	350
chr14	79653909	79654043	chr14	79653927	79654027	100
chr14	81775204	81775269	chr14	81775123	81775225	102
chr14	83337522	83339192	chr14	83337525	83337950	425
chr14	83635818	83636502	chr14	83635836	83636000	164
chr14	87858047	87858393	chr14	87858058	87858385	327
chr14	88890016	88890178	chr14	88890020	88890177	157
chr14	89408817	89409090	chr14	89408829	89409081	252
chr14	94638733	94639881	chr14	94638741	94638983	242
chr14	94638733	94639881	chr14	94639501	94639893	392
chr14	97175322	97175806	chr14	97175265	97175513	248
chr14	97175322	97175806	chr14	97175676	97175795	119
chr14	100844978	100845350	chr14	100844993	100845328	335
chr14	101990852	101991217	chr14	101990863	101991203	340
chr14	105293170	105293365	chr14	105293168	105293361	193
chr14	106415134	106415239	chr14	106415143	106415233	90
chr15	24107722	24107878	chr15	24107713	24107842	129
chr15	24207045	24207379	chr15	24207059	24207368	309
chr15	27021478	27021807	chr15	27021492	27021794	302
chr15	29411465	29411906	chr15	29411476	29411899	423
chr15	37544727	37544801	chr15	37544735	37544796	61
chr15	40329821	40329907	chr15	40329814	40329898	84
chr15	41604013	41604438	chr15	41604022	41604432	410
chr15	46860705	46861171	chr15	46860705	46861166	461
chr15	47720627	47720814	chr15	47720635	47720809	174
chr15	52525171	52525529	chr15	52525177	52525508	331
chr15	58596483	58596831	chr15	58596498	58596813	315
chr15	58912830	58913185	chr15	58912846	58913172	326
chr15	59712873	59713231	chr15	59712884	59713216	332
chr15	63441741	63441821	chr15	63441743	63441820	77
chr15	68425983	68428947	chr15	68426004	68428929	2925
chr15	71885467	71885822	chr15	71885477	71885815	338
chr15	74164204	74164385	chr15	74164206	74164386	180
chr15	76884592	76896943	chr15	76884597	76896939	12342
chr15	77910848	77911249	chr15	77910862	77911238	376
chr15	79084260	79084359	chr15	79084265	79084357	92
chr15	79891829	79892179	chr15	79891851	79892166	315
chr15	79911569	79911916	chr15	79911588	79911900	312
chr15	83551605	83557686	chr15	83551622	83557672	6050
chr15	93315164	93315238	chr15	93315154	93315224	70
chr15	93515772	93516116	chr15	93515788	93516103	315
chr15	98706073	98706434	chr15	98706091	98706419	328
chr16	876612	876974	chr16	876629	876960	331
chr16	3994554	3994687	chr16	3994595	3994649	54
chr16	8066608	8066961	chr16	8066610	8066936	326
chr16	8161732	8161829	chr16	8161744	8161828	84
chr16	8614824	8614923	chr16	8614838	8614898	60
chr16	13944335	13944438	chr16	13944337	13944439	102
chr16	14075620	14075744	chr16	14075624	14075743	119
chr16	17226280	17226452	chr16	17226340	17226395	55
chr16	19506296	19506656	chr16	19506320	19506637	317
chr16	20778524	20778879	chr16	20778543	20778863	320
chr16	22908971	22909251	chr16	22908970	22909246	276
chr16	25340106	25343131	chr16	25340111	25343129	3018
chr16	25721770	25721834	chr16	25721776	25721831	55
chr16	26608007	26608382	chr16	26608025	26608367	342
chr16	26733628	26733729	chr16	26733640	26733715	75
chr16	27050117	27050243	chr16	27050122	27050243	121
chr16	31327352	31327559	chr16	31327360	31327548	188
chr16	32525913	32525979	chr16	32525917	32525974	57
chr16	33938663	33938768	chr16	33938635	33938726	91
chr16	34006026	34006419	chr16	34005954	34006111	157
chr16	34191213	34191708	chr16	34190395	34192237	1842
chr16	46979605	46979726	chr16	46979629	46979705	76
chr16	49036055	49036225	chr16	49036074	49036209	135
chr16	49499424	49499502	chr16	49499435	49499494	59
chr16	52904246	52904376	chr16	52904250	52904375	125
chr16	56574579	56574765	chr16	56574588	56574759	171
chr16	56617021	56617364	chr16	56617027	56617361	334
chr16	58819554	58819638	chr16	58819560	58819635	75
chr16	59088374	59088437	chr16	59088379	59088435	56
chr16	60910026	60913934	chr16	60910032	60913919	3887
chr16	63756301	63756394	chr16	63756308	63756390	82
chr16	65570945	65571056	chr16	65570933	65571012	79
chr16	72753282	72753608	chr16	72753292	72753600	308
chr16	81119448	81119834	chr16	81119455	81119809	354
chr16	85781653	85781792	chr16	85781653	85781788	135
chr16	86284294	86284631	chr16	86284310	86284621	311
chr16	87705186	87705271	chr16	87705189	87705241	52
chr16	87981794	87981859	chr16	87981801	87981855	54
chr17	801627	802229	chr17	801625	802223	598
chr17	11557349	11557713	chr17	11557372	11557693	321
chr17	13704526	13704852	chr17	13704546	13704835	289
chr17	17230357	17231268	chr17	17230999	17231258	259
chr17	29659586	29659947	chr17	29659591	29659941	350
chr17	34376262	34376626	chr17	34376280	34376612	332
chr17	39392073	39392170	chr17	39392090	39392142	52
chr17	47228424	47228785	chr17	47228441	47228771	330
chr17	48102499	48102613	chr17	48102472	48102539	67
chr17	52705173	52705230	chr17	52705178	52705228	50
chr17	65727336	65727649	chr17	65727351	65727629	278
chr17	66227556	66227778	chr17	66227557	66227775	218
chr17	67087635	67087979	chr17	67087653	67087964	311
chr17	68455074	68461189	chr17	68455088	68461178	6090
chr17	69852123	69852483	chr17	69852141	69852468	327
chr17	72393106	72393259	chr17	72393117	72393251	134
chr17	75988265	75988615	chr17	75988281	75988602	321
chr17	76282213	76283454	chr17	76282249	76282501	252
chr17	76282213	76283454	chr17	76283000	76283437	437
chr17	77125443	77125609	chr17	77125446	77125604	158
chr17	78575333	78576285	chr17	78575347	78576274	927
chr17	78665050	78665145	chr17	78665065	78665133	68
chr17	79117253	79117359	chr17	79117272	79117343	71
chr17	79577663	79578021	chr17	79577688	79578005	317
chr18	108196	108239	chr18	108183	108251	68
chr18	108240	108503	chr18	108437	108506	69
chr18	108398	108470	chr18	108437	108506	69
chr18	108409	108479	chr18	108437	108506	69
chr18	110206	110350	chr18	109994	110268	274
chr18	110383	110459	chr18	110418	110492	74
chr18	207028	207709	chr18	207026	207701	675
chr18	828459	828809	chr18	828474	828797	323
chr18	836697	837685	chr18	836718	837667	949
chr18	837417	837668	chr18	836718	837667	949
chr18	1199560	1200313	chr18	1199565	1200313	748
chr18	1219331	1219489	chr18	1219341	1219482	141
chr18	2472721	2472840	chr18	2472725	2472839	114
chr18	2997373	2997461	chr18	2997378	2997459	81
chr18	4955586	4955991	chr18	4955593	4955979	386
chr18	7073832	7073894	chr18	7073838	7073891	53
chr18	9225113	9225459	chr18	9225120	9225455	335
chr18	9626581	9626662	chr18	9626590	9626660	70
chr18	10331012	10331165	chr18	10331020	10331160	140
chr18	12227954	12228075	chr18	12227983	12228049	66
chr18	12851167	12851527	chr18	12851189	12851515	326
chr18	15408181	15408504	chr18	15408186	15408694	508
chr18	23473579	23473653	chr18	23473582	23473651	69
chr18	24571617	24572345	chr18	24571621	24572342	721
chr18	26363727	26364081	chr18	26363750	26364068	318
chr18	27363863	27363920	chr18	27363846	27364002	156
chr18	27629669	27630018	chr18	27629684	27630014	330
chr18	32530964	32531238	chr18	32530955	32531229	274
chr18	37061617	37061978	chr18	37061634	37061964	330
chr18	37067013	37067074	chr18	37067015	37067073	58
chr18	38864782	38868340	chr18	38864799	38868341	3542
chr18	41031534	41032539	chr18	41031546	41032530	984
chr18	42838103	42838814	chr18	42838110	42838810	700
chr18	43260991	43261341	chr18	43261008	43261328	320
chr18	44715160	44715250	chr18	44715168	44715245	77
chr18	46159348	46159433	chr18	46159352	46159430	78
chr18	51952957	51956966	chr18	51952965	51956961	3996
chr18	55671107	55671444	chr18	55671124	55671430	306
chr18	55801561	55801920	chr18	55801579	55801905	326
chr18	63533221	63533600	chr18	63533240	63533584	344
chr18	64542913	64543269	chr18	64542932	64543253	321
chr18	66228955	66229338	chr18	66228952	66229332	380
chr18	68846706	68847077	chr18	68846726	68847055	329
chr18	73569988	73570350	chr18	73570022	73570333	311
chr18	74730124	74730386	chr18	74730310	74730380	70
chr18	74730303	74730386	chr18	74730310	74730380	70
chr19	2674191	2674286	chr19	2674196	2674284	88
chr19	8514394	8514734	chr19	8514412	8514719	307
chr19	12557678	12558004	chr19	12557698	12557987	289
chr19	23320770	23321124	chr19	23320790	23321107	317
chr19	23986386	23986723	chr19	23986394	23986722	328
chr19	30386502	30386758	chr19	30386520	30386743	223
chr19	30388772	30393119	chr19	30388792	30393102	4310
chr19	34316364	34316579	chr19	34316326	34316531	205
chr19	36002337	36002437	chr19	36002373	36002424	51
chr19	37284296	37284649	chr19	37284316	37284631	315
chr19	46278643	46279638	chr19	46278661	46278985	324
chr19	46956094	46956436	chr19	46956102	46956429	327
chr19	52948966	52949079	chr19	52948966	52949074	108
chr19	53689152	53691969	chr19	53689171	53691953	2782
chr19	58617786	58618128	chr19	58617776	58618121	345
chr19	59096462	59096624	chr19	59096460	59096615	155
chr20	2929336	2934420	chr20	2929343	2934410	5067
chr20	3037851	3038198	chr20	3037866	3038184	318
chr20	5942973	5943331	chr20	5942989	5943320	331
chr20	7274321	7274665	chr20	7274339	7274654	315
chr20	11517251	11517603	chr20	11517266	11517594	328
chr20	21849900	21850192	chr20	21849901	21850187	286
chr20	22097659	22097727	chr20	22097667	22097722	55
chr20	26148989	26149330	chr20	26149007	26149315	308
chr20	29434797	29434961	chr20	29434797	29434953	156
chr20	30899214	30899546	chr20	30899237	30899544	307
chr20	31525486	31529389	chr20	31525487	31529381	3894
chr20	33115790	33116166	chr20	33115812	33116146	334
chr20	38337616	38337786	chr20	38337634	38337771	137
chr20	42676119	42676531	chr20	42676128	42676523	395
chr20	43553561	43553743	chr20	43553565	43553742	177
chr20	52478984	52479187	chr20	52478988	52479183	195
chr20	52480222	52480330	chr20	52480228	52480328	100
chr20	54434595	54440632	chr20	54434612	54440618	6006
chr20	54463205	54463553	chr20	54463220	54463543	323
chr20	59731210	59731295	chr20	59731213	59731273	60
chr20	60526273	60526609	chr20	60526291	60526600	309
chr20	60570608	60570960	chr20	60570626	60570945	319
chr20	61304248	61305142	chr20	61304250	61304488	238
chr20	61724699	61725600	chr20	61724716	61724966	250
chr21	9569589	9569689	chr21	9569592	9569687	95
chr21	10705891	10706258	chr21	10705530	10706558	1028
chr21	10712070	10712795	chr21	10712130	10712827	697
chr21	10723127	10723824	chr21	10723365	10723877	512
chr21	10760181	10760386	chr21	10760158	10760329	171
chr21	10761043	10761412	chr21	10760411	10761262	851
chr21	10813968	10814045	chr21	10813988	10814042	54
chr21	11146231	11146487	chr21	11146233	11146486	253
chr21	16588375	16591456	chr21	16588380	16591454	3074
chr21	24444751	24444854	chr21	24444713	24444810	97
chr21	26825113	26825417	chr21	26825133	26825400	267
chr21	30552222	30552581	chr21	30552221	30552578	357
chr21	30601806	30602167	chr21	30601812	30602155	343
chr21	33030345	33030402	chr21	33030350	33030400	50
chr21	39863884	39863996	chr21	39863889	39863994	105
chr21	42402867	42403219	chr21	42402883	42403205	322
chr21	44970359	44973306	chr21	44970366	44973302	2936
chr21	45850268	45850629	chr21	45850286	45850613	327
chr22	17770352	17779110	chr22	17770351	17779108	8757
chr22	18057729	18060479	chr22	18057752	18060459	2707
chr22	18099499	18099844	chr22	18099518	18099822	304
chr22	18283873	18284242	chr22	18283897	18284218	321
chr22	18977572	18977644	chr22	18977577	18977642	65
chr22	24054875	24054961	chr22	24054884	24054955	71
chr22	24195918	24198521	chr22	24195935	24198507	2572
chr22	26891507	26891658	chr22	26891509	26891645	136
chr22	27168055	27169804	chr22	27168068	27169794	1726
chr22	30214372	30214469	chr22	30214394	30214450	56
chr22	35645160	35646144	chr22	35645167	35645493	326
chr22	36798001	36798359	chr22	36798021	36798342	321
chr22	37905645	37906188	chr22	37905683	37906152	469
chr22	39607636	39607989	chr22	39607654	39607974	320
chr22	41140099	41142649	chr22	41140115	41142636	2521
chr22	43549304	43549674	chr22	43549312	43549655	343
chr22	43985159	43985212	chr22	43985162	43985212	50
chr22	47781986	47782203	chr22	47781976	47782180	204
chr22	48645196	48645543	chr22	48645179	48645505	326
chr22	49077622	49077907	chr22	49077627	49077903	276
chr22	49401373	49401499	chr22	49401389	49401486	97
chrX	3609468	3609530	chrX	3609469	3609527	58
chrX	5570320	5570697	chrX	5570341	5570682	341
chrX	9698244	9698421	chrX	9698249	9698419	170
chrX	16541902	16542025	chrX	16541905	16542020	115
chrX	17502744	17502832	chrX	17502731	17502811	80
chrX	22672549	22672895	chrX	22672566	22672881	315
chrX	24292684	24293049	chrX	24292706	24293038	332
chrX	26954931	26955008	chrX	26954926	26954991	65
chrX	33027661	33027822	chrX	33027619	33027715	96
chrX	40401490	40401573	chrX	40401498	40401571	73
chrX	45587543	45587883	chrX	45587561	45587868	307
chrX	47093156	47093222	chrX	47093164	47093217	53
chrX	48127597	48127766	chrX	48127602	48127764	162
chrX	66103774	66103905	chrX	66103779	66103903	124
chrX	70141050	70141317	chrX	70141053	70141315	262
chrX	71123208	71123550	chrX	71123221	71123538	317
chrX	73550314	73550393	chrX	73550321	73550389	68
chrX	74599734	74599804	chrX	74599738	74599801	63
chrX	77696845	77697458	chrX	77696850	77697451	601
chrX	82523229	82523320	chrX	82523236	82523316	80
chrX	85537758	85538093	chrX	85537761	85538072	311
chrX	85605158	85609877	chrX	85605172	85609864	4692
chrX	92796292	92801509	chrX	92796298	92801506	5208
chrX	100688190	100688243	chrX	100688173	100688225	52
chrX	101155252	101155315	chrX	101155259	101155311	52
chrX	111802221	111802362	chrX	111802227	111802359	132
chrX	112877000	112877362	chrX	112877017	112877348	331
chrX	115247348	115247451	chrX	115247351	115247423	72
chrX	116454328	116454682	chrX	116454348	116454668	320
chrX	135157964	135158332	chrX	135157982	135158314	332
chrX	138157975	138158188	chrX	138157986	138158178	192
chrX	144422070	144424510	chrX	144422076	144424507	2431
chrX	145943153	145943956	chrX	145943159	145943950	791
chrX	146684499	146684682	chrX	146684544	146684640	96
