chr1	103737777	103737881	chr1	103737777	103737881	104
chr1	231146975	231147389	chr1	231146975	231147389	414
chr1	30961686	30961798	chr1	30961666	30961870	204
chr1	3495310	3495401	chr1	3495350	3495441	91
chr1	23821722	23821786	chr1	23821723	23821787	64
chr1	78942231	78942308	chr1	78942232	78942309	77
chr10	133652127	133652358	chr10	133652169	133652400	231
chr10	69585414	69585505	chr10	69585414	69585505	91
chr10	15191367	15191788	chr10	15191447	15191987	540
chr10	38817637	38817691	chr10	38817614	38817668	54
chr10	1910093	1910169	chr10	1910099	1910175	76
chr10	125695614	125695764	chr10	125695614	125695764	150
chr10	646440	646500	chr10	646441	646501	60
chr10	6861369	6861454	chr10	6861370	6861455	85
chr10	113015642	113015694	chr10	113015643	113015695	52
chr10	121186822	121186878	chr10	121186823	121186879	56
chr11	68956570	68956733	chr11	68956586	68956749	163
chr11	2259364	2259426	chr11	2259391	2259453	62
chr11	134700445	134700517	chr11	134700446	134700518	72
chr12	53684501	53684642	chr12	53684501	53684626	125
chr12	53540930	53541008	chr12	53540967	53541105	138
chr12	21464740	21464847	chr12	21464774	21464881	107
chr12	80383079	80383196	chr12	80383079	80383196	117
chr12	120201093	120201205	chr12	120201093	120201205	112
chr12	6073389	6073501	chr12	6073400	6073512	112
chr12	132957513	132957598	chr12	132957518	132957603	85
chr12	40884241	40884301	chr12	40884242	40884302	60
chr12	128425046	128425115	chr12	128425047	128425123	76
chr13	105217122	105217244	chr13	105217122	105217244	122
chr13	111300045	111300124	chr13	111300073	111300152	79
chr13	68823791	68823899	chr13	68823791	68823899	108
chr13	32746033	32746093	chr13	32746066	32746126	60
chr13	38226812	38226869	chr13	38226839	38226896	57
chr13	89227028	89227107	chr13	89227009	89227084	75
chr13	108539740	108539803	chr13	108539741	108539804	63
chr13	108768402	108768476	chr13	108768403	108768477	74
chr14	43241809	43241876	chr14	43241850	43241917	67
chr14	53304081	53304137	chr14	53304091	53304147	56
chr15	45452811	45452864	chr15	45452841	45452894	53
chr16	80309609	80309665	chr16	80309610	80309666	56
chr17	1143319	1143381	chr17	1143321	1143383	62
chr17	76418568	76418618	chr17	76418592	76418642	50
chr18	3016163	3016216	chr18	3016164	3016217	53
chr18	3272249	3272301	chr18	3272274	3272326	52
chr18	76181973	76182044	chr18	76182010	76182082	72
chr19	1717311	1717371	chr19	1717293	1717349	56
chr19	50996910	50997008	chr19	50996911	50997008	97
chr2	237800782	237800883	chr2	237800782	237800883	101
chr2	171905137	171905209	chr2	171905137	171905209	72
chr2	210820235	210820297	chr2	210820272	210820334	62
chr2	3244419	3244469	chr2	3244420	3244470	50
chr2	49862551	49862615	chr2	49862552	49862616	64
chr2	59769588	59769659	chr2	59769633	59769704	71
chr2	129628824	129628916	chr2	129628825	129628917	92
chr2	237615569	237615627	chr2	237615567	237615625	58
chr20	62478655	62478765	chr20	62478655	62478765	110
chr20	60019324	60019726	chr20	60019324	60019726	402
chr20	49282728	49282810	chr20	49282760	49282843	83
chr20	52779034	52779133	chr20	52779076	52779175	99
chr20	60370191	60370479	chr20	60370191	60370479	288
chr20	52032234	52032420	chr20	52032234	52032420	186
chr20	4791870	4791932	chr20	4791871	4791933	62
chr20	15559229	15559283	chr20	15559259	15559313	54
chr21	47026914	47026984	chr21	47026915	47026985	70
chr3	43565781	43565927	chr3	43565781	43565927	146
chr3	52730947	52731034	chr3	52730947	52731034	87
chr3	137003256	137003367	chr3	137003256	137003367	111
chr3	50165002	50165065	chr3	50165039	50165102	63
chr3	109248171	109248250	chr3	109248175	109248255	80
chr3	140878318	140878369	chr3	140878340	140878391	51
chr3	149853189	149853265	chr3	149853190	149853266	76
chr4	7754688	7754850	chr4	7754688	7754850	162
chr4	37903309	37903442	chr4	37903309	37903442	133
chr4	178891890	178891946	chr4	178891906	178891990	84
chr4	100100714	100100783	chr4	100100715	100100784	69
chr4	190552997	190553066	chr4	190552998	190553067	69
chr5	56104377	56104488	chr5	56104377	56104488	111
chr5	3728193	3728259	chr5	3728194	3728260	66
chr5	53383591	53383657	chr5	53383592	53383658	66
chr5	176577539	176577600	chr5	176577540	176577609	69
chr6	150590248	150590997	chr6	150590248	150590997	749
chr6	17587282	17587370	chr6	17587301	17587389	88
chr6	1053978	1054158	chr6	1054016	1054682	666
chr6	168537627	168537679	chr6	168537628	168537680	52
chr7	3159897	3160181	chr7	3159897	3160181	284
chr7	132382935	132382995	chr7	132382935	132382993	58
chr7	158203528	158203622	chr7	158203594	158203688	94
chr7	32654181	32654281	chr7	32654181	32654281	100
chr7	126150701	126150770	chr7	126150702	126150771	69
chr7	150039582	150039637	chr7	150039611	150039666	55
chr7	157718797	157718857	chr7	157718798	157718858	60
chr8	97585566	97585790	chr8	97585566	97585790	224
chr8	5520481	5520555	chr8	5520500	5520574	74
chr8	29518051	29518141	chr8	29518052	29518142	90
chr8	103880131	103880185	chr8	103880132	103880186	54
chr9	76860921	76860989	chr9	76860963	76861031	68
chr9	137268473	137268536	chr9	137268474	137268537	63
chrX	43887556	43887632	chrX	43887588	43887664	76
chrX	143750071	143750123	chrX	143750072	143750124	52
