chr1	247850463	247856516	chr1	247850464	247856517	6053
chr1	58743910	58744823	chr1	58744479	58744813	334
chr1	77100367	77100650	chr1	77100368	77100654	286
chr1	2775784	2775862	chr1	2775785	2775863	78
chr1	94251459	94251772	chr1	94251460	94251773	313
chr1	85748621	85748951	chr1	85748622	85748952	330
chr1	86740981	86741698	chr1	86741500	86741709	209
chr1	56401283	56401604	chr1	56401286	56401608	322
chr1	159648708	159649658	chr1	159648709	159648974	265
chr1	103096066	103096385	chr1	103096067	103096386	319
chr1	222034144	222034476	chr1	222034145	222034477	332
chr1	99179943	99180050	chr1	99179943	99180051	108
chr1	86405791	86406119	chr1	86405792	86406121	329
chr1	197500509	197503272	chr1	197500510	197503273	2763
chr1	236594926	236595251	chr1	236594929	236595256	327
chr1	236054576	236054914	chr1	236054577	236054915	338
chr1	247569531	247569761	chr1	247569503	247569733	230
chr1	241149857	241150182	chr1	241149857	241150183	326
chr1	70768112	70768435	chr1	70768113	70768436	323
chr1	150691436	150691770	chr1	150691437	150691771	334
chr1	70946190	70946521	chr1	70946194	70946521	327
chr1	115043521	115043833	chr1	115043522	115043834	312
chr1	4155147	4155461	chr1	4155148	4155462	314
chr1	79401509	79401831	chr1	79401510	79401832	322
chr1	7534195	7534285	chr1	7534197	7534287	90
chr1	22286329	22286379	chr1	22286331	22286381	50
chr1	30298152	30298204	chr1	30298142	30298194	52
chr1	171783587	171783649	chr1	171783588	171783650	62
chr1	223204699	223204778	chr1	223204701	223204780	79
chr1	246657100	246657165	chr1	246657112	246657177	65
chr1	246989161	246989224	chr1	246989165	246989228	63
chr1	247579916	247579979	chr1	247579918	247579981	63
chr10	47088376	47088704	chr10	47088375	47088706	331
chr10	99034864	99037398	chr10	99034865	99037399	2534
chr10	119634275	119634606	chr10	119634275	119634611	336
chr10	42597143	42599569	chr10	42598526	42601768	3242
chr10	32705727	32706065	chr10	32705723	32706065	342
chr10	70634325	70634437	chr10	70634326	70634438	112
chr10	6097371	6097869	chr10	6097373	6097875	502
chr10	49917157	49917480	chr10	49917158	49917481	323
chr10	78800903	78801222	chr10	78800902	78801226	324
chr10	128106473	128106787	chr10	128106474	128106790	316
chr10	11484967	11485148	chr10	11484962	11485148	186
chr10	106593337	106593415	chr10	106593338	106593416	78
chr10	92461855	92465623	chr10	92461858	92465626	3768
chr10	81176904	81177137	chr10	81176897	81177131	234
chr10	81092183	81092761	chr10	81092184	81092758	574
chr10	70998112	70998435	chr10	70998111	70998434	323
chr10	44675234	44675326	chr10	44675235	44675327	92
chr10	29712146	29712721	chr10	29712147	29712721	574
chr10	35593207	35593537	chr10	35593208	35593537	329
chr10	5287300	5293346	chr10	5287301	5293347	6046
chr10	20824451	20824568	chr10	20824450	20824567	117
chr10	25098082	25098420	chr10	25098083	25098421	338
chr10	769862	769940	chr10	769864	769942	78
chr10	1260013	1260069	chr10	1260015	1260071	56
chr10	3500478	3500570	chr10	3500478	3500570	92
chr10	3721546	3721605	chr10	3721545	3721604	59
chr10	9097749	9097799	chr10	9097750	9097800	50
chr10	9436189	9436251	chr10	9436190	9436252	62
chr10	33097530	33097589	chr10	33097532	33097591	59
chr10	113358990	113359042	chr10	113358992	113359044	52
chr11	122347577	122349281	chr11	122347578	122349282	1704
chr11	100438651	100438796	chr11	100438652	100438797	145
chr11	48120062	48120371	chr11	48120063	48120372	309
chr11	32286641	32286974	chr11	32286642	32286975	333
chr11	109976700	109977026	chr11	109976705	109977029	324
chr11	93021140	93022160	chr11	93021139	93021492	353
chr11	25772982	25773116	chr11	25772981	25773117	136
chr11	102471847	102472163	chr11	102471847	102472165	318
chr11	14348311	14348627	chr11	14348317	14348630	313
chr11	104180381	104180724	chr11	104180381	104180724	343
chr11	74145058	74145405	chr11	74145059	74145406	347
chr11	61107786	61108125	chr11	61107785	61108122	337
chr11	43891830	43892166	chr11	43891831	43892170	339
chr11	71861598	71861913	chr11	71861599	71861914	315
chr11	58220608	58220935	chr11	58220597	58220925	328
chr11	27657264	27657596	chr11	27657263	27657596	333
chr11	37666636	37666943	chr11	37666634	37666941	307
chr11	2406833	2406895	chr11	2406835	2406897	62
chr11	9062053	9062113	chr11	9062055	9062115	60
chr11	33659950	33660010	chr11	33659949	33660009	60
chr11	37370161	37370211	chr11	37370141	37370197	56
chr11	82127492	82127552	chr11	82127482	82127547	65
chr11	97131929	97132025	chr11	97131922	97132011	89
chr12	32963600	32963915	chr12	32963601	32963916	315
chr12	126905102	126905416	chr12	126905103	126905417	314
chr12	45903154	45909940	chr12	45903152	45909938	6786
chr12	131366750	131367290	chr12	131366728	131366862	134
chr12	131366750	131367290	chr12	131367134	131367287	153
chr12	22047474	22047576	chr12	22047474	22047578	104
chr12	14258602	14258933	chr12	14258603	14258934	331
chr12	47609581	47609652	chr12	47609580	47609651	71
chr12	86523316	86523636	chr12	86523317	86523637	320
chr12	54245408	54245697	chr12	54245412	54245704	292
chr12	27433988	27434319	chr12	27433988	27434317	329
chr12	29573408	29573749	chr12	29573409	29573755	346
chr12	41659817	41660134	chr12	41659815	41660133	318
chr12	97554728	97555056	chr12	97554728	97555057	329
chr12	43654417	43654753	chr12	43654406	43654742	336
chr12	127660427	127660753	chr12	127660425	127660754	329
chr12	348351	348429	chr12	348353	348431	78
chr12	11288103	11288156	chr12	11288105	11288158	53
chr12	127947266	127947318	chr12	127947268	127947320	52
chr13	111559415	111559653	chr13	111559420	111559659	239
chr13	74074912	74075240	chr13	74074912	74075242	330
chr13	81747237	81747565	chr13	81747240	81747572	332
chr13	111061214	111061359	chr13	111061322	111061473	151
chr13	47689477	47689791	chr13	47689487	47689797	310
chr13	25645187	25645506	chr13	25645195	25645514	319
chr13	114764512	114764592	chr13	114764513	114764593	80
chr13	31175586	31175921	chr13	31175587	31175922	335
chr13	24710955	24711269	chr13	24710956	24711274	318
chr13	24057641	24057973	chr13	24057642	24057974	332
chr13	63523804	63524120	chr13	63523804	63524122	318
chr13	35558631	35564873	chr13	35558624	35564866	6242
chr13	48419926	48420082	chr13	48419919	48420078	159
chr13	42946048	42946379	chr13	42946049	42946380	331
chr13	21864587	21864647	chr13	21864599	21864659	60
chr13	28069147	28069207	chr13	28069159	28069219	60
chr13	41453836	41453888	chr13	41453837	41453889	52
chr13	41930509	41930604	chr13	41930511	41930606	95
chr13	67950542	67950594	chr13	67950544	67950596	52
chr13	95339333	95339407	chr13	95339384	95339434	50
chr13	103875493	103875570	chr13	103875494	103875571	77
chr13	113415879	113415960	chr13	113415868	113415949	81
chr13	113539049	113539108	chr13	113539051	113539110	59
chr13	113616375	113616435	chr13	113616377	113616437	60
chr13	114263923	114263985	chr13	114263925	114263987	62
chr14	75520939	75525520	chr14	75520940	75525521	4581
chr14	24932620	24932784	chr14	24932620	24932784	164
chr14	31262985	31263315	chr14	31262986	31263316	330
chr14	31813877	31814051	chr14	31813876	31814052	176
chr14	50118871	50119028	chr14	50118872	50119030	158
chr14	21536132	21536458	chr14	21536133	21536460	327
chr14	71320961	71321254	chr14	71320963	71321256	293
chr14	87858057	87858384	chr14	87858058	87858385	327
chr14	89408829	89409079	chr14	89408829	89409081	252
chr14	100844998	100845331	chr14	100844993	100845328	335
chr14	42486322	42486637	chr14	42486321	42486638	317
chr14	35401403	35401724	chr14	35401407	35401729	322
chr14	34290036	34290375	chr14	34290037	34290376	339
chr14	77193681	77193739	chr14	77193683	77193741	58
chr14	79653926	79654025	chr14	79653927	79654027	100
chr14	106929356	106929434	chr14	106929337	106929407	70
chr15	79911587	79911899	chr15	79911588	79911900	312
chr15	34200448	34200703	chr15	34200449	34200705	256
chr15	59712887	59713218	chr15	59712884	59713216	332
chr15	52525184	52525517	chr15	52525177	52525508	331
chr15	75283339	75283473	chr15	75283332	75283449	117
chr15	79891844	79892165	chr15	79891851	79892166	315
chr15	71885476	71885814	chr15	71885477	71885815	338
chr15	55429893	55430214	chr15	55429893	55430215	322
chr15	35009017	35009352	chr15	35009018	35009353	335
chr15	77910862	77911236	chr15	77910862	77911238	376
chr15	93515788	93516101	chr15	93515788	93516103	315
chr15	73483660	73483844	chr15	73483661	73483845	184
chr15	64664108	64664227	chr15	64664109	64664228	119
chr15	66633813	66634134	chr15	66633813	66634138	325
chr15	76884597	76896939	chr15	76884597	76896939	12342
chr15	47720634	47720808	chr15	47720635	47720809	174
chr15	58912849	58913167	chr15	58912846	58913172	326
chr15	36954641	36954693	chr15	36954643	36954695	52
chr15	80202213	80202268	chr15	80202215	80202270	55
chr15	93315166	93315235	chr15	93315154	93315224	70
chr15	94933278	94933346	chr15	94933280	94933348	68
chr16	56617026	56617360	chr16	56617027	56617361	334
chr16	876628	876959	chr16	876629	876960	331
chr16	52904249	52904374	chr16	52904250	52904375	125
chr16	78068249	78068445	chr16	78068250	78068446	196
chr16	85781653	85781788	chr16	85781653	85781788	135
chr16	19506317	19506636	chr16	19506320	19506637	317
chr16	20778542	20778862	chr16	20778543	20778863	320
chr16	49036073	49036208	chr16	49036074	49036209	135
chr16	63442424	63442754	chr16	63442423	63442756	333
chr16	8614843	8614903	chr16	8614838	8614898	60
chr16	25083488	25083577	chr16	25083500	25083569	69
chr16	25721774	25721829	chr16	25721776	25721831	55
chr16	46979627	46979703	chr16	46979629	46979705	76
chr16	65570960	65571040	chr16	65570933	65571012	79
chr16	75095352	75095429	chr16	75095354	75095431	77
chr16	87705202	87705254	chr16	87705189	87705241	52
chr16	87981799	87981853	chr16	87981801	87981855	54
chr16	89464734	89464795	chr16	89464749	89464810	61
chr17	78655365	78655521	chr17	78655366	78655522	156
chr17	75988283	75988598	chr17	75988281	75988602	321
chr17	75242030	75242200	chr17	75242055	75242223	168
chr17	17210788	17210904	chr17	17210789	17210905	116
chr17	77125449	77125604	chr17	77125446	77125604	158
chr17	29659592	29659942	chr17	29659591	29659941	350
chr17	13704545	13704834	chr17	13704546	13704835	289
chr17	34376279	34376610	chr17	34376280	34376612	332
chr17	69852140	69852467	chr17	69852141	69852468	327
chr17	78575346	78576273	chr17	78575347	78576274	927
chr17	67087652	67087963	chr17	67087653	67087964	311
chr17	17230358	17231234	chr17	17230999	17231258	259
chr17	80185492	80185561	chr17	80185447	80185513	66
chr18	43261004	43261329	chr18	43261008	43261328	320
chr18	55671123	55671429	chr18	55671124	55671430	306
chr18	4955593	4955989	chr18	4955593	4955979	386
chr18	63533239	63533583	chr18	63533240	63533584	344
chr18	75997284	75997616	chr18	75997290	75997623	333
chr18	68846725	68847059	chr18	68846726	68847055	329
chr18	46159351	46159429	chr18	46159352	46159430	78
chr18	65520684	65520738	chr18	65520686	65520740	54
chr18	72779980	72780030	chr18	72779949	72779999	50
chr18	74730309	74730379	chr18	74730310	74730380	70
chr19	8514411	8514718	chr19	8514412	8514719	307
chr19	49947346	49947497	chr19	49947388	49947455	67
chr19	56020007	56020227	chr19	56020016	56020226	210
chr19	18661283	18661603	chr19	18661286	18661603	317
chr19	46796806	46797134	chr19	46796793	46797121	328
chr19	23320789	23321106	chr19	23320790	23321107	317
chr19	58617770	58618101	chr19	58617776	58618121	345
chr19	24594354	24594523	chr19	24594355	24594524	169
chr19	4227204	4227646	chr19	4227209	4227652	443
chr19	24595019	24596046	chr19	24595186	24596043	857
chr19	31733643	31733763	chr19	31733644	31733764	120
chr19	2575980	2576036	chr19	2575974	2576028	54
chr19	40124704	40124786	chr19	40124706	40124788	82
chr19	53116933	53117017	chr19	53116936	53117018	82
chr19	56580932	56580982	chr19	56580934	56580984	50
chr19	58010764	58010830	chr19	58010776	58010842	66
chr2	46433783	46433945	chr2	46433784	46433946	162
chr2	196031310	196031615	chr2	196031312	196031619	307
chr2	62457100	62457427	chr2	62457101	62457428	327
chr2	8616795	8617102	chr2	8616797	8617106	309
chr2	152617289	152617604	chr2	152617292	152617498	206
chr2	206731183	206731506	chr2	206731183	206731505	322
chr2	126443248	126451832	chr2	126443249	126451833	8584
chr2	102097839	102098166	chr2	102097839	102098168	329
chr2	101975204	101975537	chr2	101975209	101975545	336
chr2	134544275	134544607	chr2	134544279	134544613	334
chr2	184249967	184250310	chr2	184249966	184250310	344
chr2	236643522	236643667	chr2	236643523	236643668	145
chr2	78117891	78118358	chr2	78117890	78118356	466
chr2	46312697	46312948	chr2	46312698	46312949	251
chr2	200312456	200312680	chr2	200312453	200312678	225
chr2	161795601	161795925	chr2	161795602	161795926	324
chr2	194689502	194698766	chr2	194689503	194698767	9264
chr2	134966701	134970131	chr2	134966702	134970132	3430
chr2	51973824	51974236	chr2	51973823	51974240	417
chr2	232114515	232114663	chr2	232114516	232114664	148
chr2	153153402	153153489	chr2	153153403	153153490	87
chr2	33091728	33095624	chr2	33091729	33095625	3896
chr2	214507331	214507570	chr2	214507332	214507571	239
chr2	57342730	57343057	chr2	57342727	57343054	327
chr2	176346669	176352722	chr2	176346670	176352723	6053
chr2	55860478	55860658	chr2	55860489	55860663	174
chr2	117893051	117893390	chr2	117893052	117893391	339
chr2	740826	740889	chr2	740808	740872	64
chr2	27324253	27324304	chr2	27324255	27324306	51
chr2	28661665	28661718	chr2	28661667	28661720	53
chr2	29228497	29228566	chr2	29228501	29228568	67
chr2	44636234	44636322	chr2	44636221	44636309	88
chr2	123616911	123616982	chr2	123616913	123616979	66
chr2	139942337	139942387	chr2	139942339	139942389	50
chr2	173148039	173148096	chr2	173148040	173148096	56
chr2	194914424	194914524	chr2	194914456	194914525	69
chr2	214778297	214778363	chr2	214778299	214778365	66
chr2	220321615	220321683	chr2	220321616	220321684	68
chr2	241120934	241120988	chr2	241120950	241121001	51
chr20	11517266	11517589	chr20	11517266	11517594	328
chr20	60160729	60160839	chr20	60160705	60160815	110
chr20	62766955	62767269	chr20	62766959	62767310	351
chr20	61304251	61305140	chr20	61304250	61304488	238
chr20	54434611	54440617	chr20	54434612	54440618	6006
chr20	54463221	54463538	chr20	54463220	54463543	323
chr20	33115812	33116145	chr20	33115812	33116146	334
chr20	33477173	33477306	chr20	33477174	33477307	133
chr20	15435302	15435466	chr20	15435302	15435466	164
chr20	23755258	23755323	chr20	23755260	23755325	65
chr20	24873683	24873748	chr20	24873685	24873750	65
chr20	61588403	61588479	chr20	61588405	61588481	76
chr21	26825132	26825399	chr21	26825133	26825400	267
chr21	10723724	10723895	chr21	10723365	10723877	512
chr21	11145596	11145674	chr21	11145597	11145675	78
chr21	16588379	16591453	chr21	16588380	16591454	3074
chr21	10813968	10814023	chr21	10813988	10814042	54
chr21	23636869	23636936	chr21	23636853	23636920	67
chr21	33030348	33030398	chr21	33030350	33030400	50
chr21	46528631	46528695	chr21	46528633	46528697	64
chr21	47804627	47804698	chr21	47804612	47804683	71
chr22	27168067	27169793	chr22	27168068	27169794	1726
chr22	48645211	48645529	chr22	48645179	48645505	326
chr22	18047361	18047719	chr22	18047362	18047720	358
chr22	18283897	18284219	chr22	18283897	18284218	321
chr22	37905678	37906156	chr22	37905683	37906152	469
chr22	33740700	33740780	chr22	33740683	33740764	81
chr22	42510763	42510819	chr22	42510765	42510821	56
chr22	49401387	49401484	chr22	49401389	49401486	97
chr3	195487365	195487516	chr3	195487332	195487483	151
chr3	158116902	158117245	chr3	158116905	158117244	339
chr3	26786706	26787026	chr3	26786712	26787029	317
chr3	2311587	2311935	chr3	2311588	2311936	348
chr3	194121165	194121922	chr3	194121166	194121924	758
chr3	156092164	156093681	chr3	156092164	156092493	329
chr3	24090787	24091043	chr3	24090791	24091046	255
chr3	189575895	189576217	chr3	189575896	189576217	321
chr3	123236747	123237062	chr3	123236752	123237069	317
chr3	126358923	126359250	chr3	126358922	126359251	329
chr3	21457498	21457821	chr3	21457502	21457821	319
chr3	112467383	112467713	chr3	112467380	112467714	334
chr3	146385189	146394862	chr3	146385653	146390379	4726
chr3	168738455	168738836	chr3	168738454	168738834	380
chr3	42838357	42840811	chr3	42838358	42840812	2454
chr3	86213404	86213721	chr3	86213404	86213724	320
chr3	66763254	66763310	chr3	66763254	66763310	56
chr3	191856086	191856424	chr3	191856087	191856425	338
chr3	52709838	52710173	chr3	52709839	52710174	335
chr3	32940759	32940855	chr3	32940760	32940856	96
chr3	10758268	10758349	chr3	10758270	10758351	81
chr3	12196517	12196572	chr3	12196519	12196574	55
chr3	181006187	181006258	chr3	181006189	181006260	71
chr3	197734283	197734348	chr3	197734285	197734350	65
chr4	185665772	185666090	chr4	185665774	185666090	316
chr4	190624629	190624976	chr4	190624641	190624987	346
chr4	91596786	91602909	chr4	91596768	91602893	6125
chr4	124943553	124945187	chr4	124943554	124945188	1634
chr4	184303690	184304013	chr4	184303682	184304001	319
chr4	113469975	113470282	chr4	113469976	113470283	307
chr4	133619877	133620183	chr4	133619879	133620185	306
chr4	79269121	79275196	chr4	79269122	79275197	6075
chr4	163232406	163232715	chr4	163232407	163232717	310
chr4	150161040	150161382	chr4	150161041	150161383	342
chr4	115624598	115624871	chr4	115624599	115624872	273
chr4	190662932	190663727	chr4	190662922	190663718	796
chr4	59944560	59950602	chr4	59944561	59950603	6042
chr4	71926402	71926562	chr4	71926418	71926580	162
chr4	86660756	86661078	chr4	86660762	86661082	320
chr4	157522326	157522390	chr4	157522327	157522391	64
chr4	187795698	187796018	chr4	187795699	187796032	333
chr4	177869319	177869635	chr4	177869314	177869633	319
chr4	189793240	189793559	chr4	189793241	189793560	319
chr4	69959842	69960166	chr4	69959844	69960175	331
chr4	97572103	97572422	chr4	97572104	97572423	319
chr4	190606988	190610301	chr4	190606972	190610287	3315
chr4	190606988	190610301	chr4	190607469	190608239	770
chr4	61569229	61569559	chr4	61569236	61569566	330
chr4	188959367	188959489	chr4	188959368	188959490	122
chr4	28421591	28421941	chr4	28421592	28421942	350
chr4	186155541	186155852	chr4	186155542	186155853	311
chr4	98133376	98133690	chr4	98133498	98133692	194
chr4	187614517	187614845	chr4	187614518	187614846	328
chr4	44507276	44507730	chr4	44507271	44507727	456
chr4	64030858	64031024	chr4	64030857	64031024	167
chr4	81302527	81302866	chr4	81302528	81302867	339
chr4	58087346	58087744	chr4	58087343	58087742	399
chr4	17202757	17203067	chr4	17202760	17203074	314
chr4	95498965	95499281	chr4	95498965	95499281	316
chr4	87066354	87066536	chr4	87066354	87066534	180
chr4	109107675	109107976	chr4	109107676	109107977	301
chr4	138966212	138967218	chr4	138966210	138966485	275
chr4	167412030	167412140	chr4	167412031	167412141	110
chr4	78236275	78236541	chr4	78236273	78236542	269
chr4	125867362	125867691	chr4	125867363	125867693	330
chr4	1086777	1086827	chr4	1086778	1086828	50
chr4	53058941	53058995	chr4	53058915	53058970	55
chr4	148362894	148362953	chr4	148362900	148362959	59
chr4	154911876	154911928	chr4	154911880	154911933	53
chr4	175073353	175073411	chr4	175073354	175073412	58
chr4	184632824	184632914	chr4	184632824	184632914	90
chr4	189428681	189428741	chr4	189428683	189428743	60
chr5	82906059	82906378	chr5	82906060	82906379	319
chr5	73648986	73649304	chr5	73648988	73649308	320
chr5	124717346	124717668	chr5	124717345	124717667	322
chr5	82482757	82483063	chr5	82482760	82483065	305
chr5	180569234	180569979	chr5	180569233	180569491	258
chr5	9990099	9990312	chr5	9990100	9990313	213
chr5	127172331	127173281	chr5	127173000	127173289	289
chr5	158592398	158592743	chr5	158592394	158592742	348
chr5	88032013	88032343	chr5	88032014	88032344	330
chr5	38134462	38134534	chr5	38134424	38134489	65
chr5	78277727	78278046	chr5	78277732	78278054	322
chr5	13416592	13422854	chr5	13416593	13422855	6262
chr5	3502314	3502642	chr5	3502315	3502643	328
chr5	121059232	121060011	chr5	121059231	121059491	260
chr5	57679993	57686102	chr5	57679989	57686098	6109
chr5	57679993	57686102	chr5	57679994	57686103	6109
chr5	31677425	31677746	chr5	31677427	31677749	322
chr5	168394431	168394744	chr5	168394430	168394745	315
chr5	124484340	124484392	chr5	124484341	124484393	52
chr5	176387580	176390181	chr5	176387581	176390182	2601
chr5	53755532	53755620	chr5	53755533	53755621	88
chr5	173607094	173607414	chr5	173607095	173607415	320
chr5	159742557	159742663	chr5	159742558	159742664	106
chr5	1968396	1971584	chr5	1968397	1971585	3188
chr5	9411761	9412075	chr5	9411760	9412080	320
chr5	129729023	129729175	chr5	129729015	129729166	151
chr5	12769656	12769710	chr5	12769658	12769712	54
chr5	13399958	13400032	chr5	13399958	13400035	77
chr5	18171827	18171889	chr5	18171829	18171891	62
chr5	34991465	34991518	chr5	34991467	34991521	54
chr5	40594481	40594547	chr5	40594483	40594549	66
chr5	68105932	68106026	chr5	68105929	68106025	96
chr5	104877052	104877141	chr5	104877053	104877142	89
chr5	119969405	119969475	chr5	119969407	119969477	70
chr5	171953439	171953519	chr5	171953433	171953513	80
chr5	172145637	172145727	chr5	172145639	172145729	90
chr6	13882550	13883853	chr6	13882550	13882999	449
chr6	13882550	13883853	chr6	13883500	13883854	354
chr6	51517350	51517676	chr6	51517351	51517677	326
chr6	14745282	14745679	chr6	14745286	14745674	388
chr6	50765957	50766268	chr6	50765955	50766268	313
chr6	65006422	65006516	chr6	65006423	65006517	94
chr6	86026353	86026668	chr6	86026354	86026670	316
chr6	5037250	5039175	chr6	5037244	5039169	1925
chr6	105221952	105222265	chr6	105221953	105222265	312
chr6	91237576	91237897	chr6	91237577	91237898	321
chr6	22227473	22227755	chr6	22227473	22227756	283
chr6	106983623	106983942	chr6	106983624	106983943	319
chr6	170413298	170413373	chr6	170413299	170413374	75
chr6	119417504	119417832	chr6	119417513	119417833	320
chr6	133341821	133347886	chr6	133341822	133347888	6066
chr6	20765367	20765687	chr6	20765367	20765691	324
chr6	11556092	11556412	chr6	11556093	11556413	320
chr6	154446916	154447238	chr6	154446916	154447240	324
chr6	24811876	24817951	chr6	24811930	24818204	6274
chr6	126468008	126468245	chr6	126468010	126468240	230
chr6	62200415	62206527	chr6	62200428	62206540	6112
chr6	128976348	128976565	chr6	128976345	128976567	222
chr6	161684137	161684239	chr6	161684138	161684240	102
chr6	134817346	134817663	chr6	134817349	134817666	317
chr6	167928592	167928701	chr6	167928592	167928701	109
chr6	57478149	57478856	chr6	57478150	57478857	707
chr6	169905558	169905642	chr6	169905558	169905642	84
chr6	100260130	100260279	chr6	100260130	100260279	149
chr6	168670725	168670817	chr6	168670778	168670870	92
chr6	38922188	38922503	chr6	38922189	38922504	315
chr6	7717368	7717703	chr6	7717367	7717704	337
chr6	22501806	22501905	chr6	22501808	22501907	99
chr6	53037878	53037942	chr6	53037879	53037946	67
chr6	62665366	62665434	chr6	62665365	62665433	68
chr6	95400827	95400922	chr6	95400829	95400924	95
chr6	151513869	151513943	chr6	151513870	151513944	74
chr6	154174422	154174475	chr6	154174424	154174477	53
chr6	168478010	168478104	chr6	168478012	168478106	94
chr6	169966140	169966200	chr6	169966142	169966202	60
chr6	170465430	170465493	chr6	170465432	170465495	63
chr7	47895171	47895498	chr7	47895173	47895495	322
chr7	81358338	81358612	chr7	81358335	81358613	278
chr7	8698629	8698847	chr7	8698630	8698848	218
chr7	14451265	14451431	chr7	14451266	14451432	166
chr7	154941916	154942245	chr7	154941915	154942246	331
chr7	96894732	96894974	chr7	96894733	96894975	242
chr7	133107673	133108005	chr7	133107678	133108010	332
chr7	127792026	127792134	chr7	127792065	127792173	108
chr7	52520172	52520374	chr7	52520173	52520375	202
chr7	104187385	104187716	chr7	104187390	104187722	332
chr7	42549701	42550023	chr7	42549704	42550029	325
chr7	127766415	127766729	chr7	127766419	127766736	317
chr7	151057982	151058126	chr7	151057983	151058127	144
chr7	81728728	81729065	chr7	81728734	81729070	336
chr7	141113864	141114183	chr7	141113865	141114184	319
chr7	879153	879456	chr7	879154	879457	303
chr7	14910420	14910738	chr7	14910418	14910738	320
chr7	410953	411025	chr7	410955	411027	72
chr7	23095966	23096018	chr7	23095966	23096020	54
chr7	29565365	29565419	chr7	29565367	29565421	54
chr7	36878879	36878968	chr7	36878881	36878970	89
chr7	147044512	147044570	chr7	147044514	147044572	58
chr7	158852412	158852472	chr7	158852414	158852474	60
chr8	114934393	114934683	chr8	114934390	114934684	294
chr8	138200163	138200408	chr8	138200164	138200409	245
chr8	71583556	71584644	chr8	71583561	71584001	440
chr8	144700485	144714693	chr8	144700486	144714694	14208
chr8	57300202	57300318	chr8	57300202	57300318	116
chr8	93352141	93352306	chr8	93352142	93352307	165
chr8	69097919	69098316	chr8	69097922	69098318	396
chr8	121854744	121855062	chr8	121854748	121855065	317
chr8	24972433	24990944	chr8	24972434	24990945	18511
chr8	98783449	98783781	chr8	98783457	98783786	329
chr8	2215304	2216087	chr8	2215403	2215583	180
chr8	123048407	123048737	chr8	123048405	123048492	87
chr8	108120216	108120538	chr8	108120217	108120539	322
chr8	31571242	31571595	chr8	31571243	31571597	354
chr8	108380679	108381079	chr8	108380685	108381001	316
chr8	144723603	144723935	chr8	144723605	144723938	333
chr8	127248956	127249275	chr8	127248956	127249279	323
chr8	110510308	110510630	chr8	110510310	110510631	321
chr8	146192869	146193175	chr8	146192868	146193180	312
chr8	41279329	41279652	chr8	41279330	41279653	323
chr8	96345251	96345389	chr8	96345257	96345395	138
chr8	55407140	55407214	chr8	55407141	55407215	74
chr8	126595122	126601135	chr8	126595123	126601136	6013
chr8	72551406	72551740	chr8	72551407	72551741	334
chr8	97098074	97098426	chr8	97098075	97098427	352
chr8	106670519	106670839	chr8	106670520	106670840	320
chr8	140014071	140014188	chr8	140014072	140014189	117
chr8	59075847	59075933	chr8	59075869	59075951	82
chr8	85199545	85199601	chr8	85199547	85199603	56
chr8	140975832	140975911	chr8	140975834	140975913	79
chr8	144261171	144261241	chr8	144261173	144261243	70
chr9	18286561	18286739	chr9	18286561	18286739	178
chr9	132026686	132028070	chr9	132026690	132026989	299
chr9	112430201	112430516	chr9	112430206	112430520	314
chr9	117363975	117364050	chr9	117363969	117364044	75
chr9	18751827	18752117	chr9	18751827	18752122	295
chr9	137690416	137690500	chr9	137690416	137690497	81
chr9	10498741	10499051	chr9	10498745	10499057	312
chr9	77173554	77173620	chr9	77173556	77173622	66
chr9	101189982	101190042	chr9	101189980	101190032	52
chr9	115264647	115264736	chr9	115264646	115264730	84
chr9	135296997	135297073	chr9	135296992	135297066	74
chrX	114638033	114638141	chrX	114638106	114638168	62
chrX	85605172	85609864	chrX	85605172	85609864	4692
chrX	66103778	66103902	chrX	66103779	66103903	124
chrX	24292701	24293033	chrX	24292706	24293038	332
chrX	9698248	9698418	chrX	9698249	9698419	170
chrX	116454346	116454665	chrX	116454348	116454668	320
chrX	92796297	92801505	chrX	92796298	92801506	5208
chrX	146559240	146559346	chrX	146559241	146559347	106
chrX	26954934	26955004	chrX	26954926	26954991	65
